# callgrind format
version: 1
creator: callgrind-3.16.0
pid: 16216
cmd:  ./main
part: 1


desc: I1 cache: 
desc: D1 cache: 
desc: LL cache: 

desc: Timerange: Basic block 0 - 518938877
desc: Trigger: Program termination

positions: line
events: Ir
summary: 2602957212


ob=(4) /lib64/libm-2.31.so
fl=(4) ???
fn=(270) __asin_finite@GLIBC_2.15
0 8

fn=(272) exp2f@@GLIBC_2.27
0 8

fn=(246) cosf
0 8

fn=(256) sincosf
0 8

fn=(252) cos
0 8

fn=(254) logf@@GLIBC_2.27
0 8

fn=(258) powf@@GLIBC_2.27
0 8

fn=(1258) 0x000000000000d1f0
0 5

fn=(264) __log_finite@GLIBC_2.15
0 8

fn=(266) __acos_finite@GLIBC_2.15
0 8

fn=(268) sinf
0 8

fn=(684) log2@@GLIBC_2.29
0 146

fn=(690) round
0 42

fn=(274) __atan2_finite@GLIBC_2.15
0 8

fn=(276) sin
0 8

fn=(248) __exp_finite@GLIBC_2.15
0 8

fn=(250) expf@@GLIBC_2.27
0 8

fn=(260) __pow_finite@GLIBC_2.15
0 8

fn=(262) log2f@@GLIBC_2.27
0 8

fn=(398) 0x000000000000d2a0
0 11

fn=(1248) 0x000000000000d260
0 8
cob=(2) ???
cfi=(2) ???
cfn=(1254) 0x0000000004a9f1d0
calls=1 0 
0 81
0 1
cfn=(1258)
calls=1 0 
0 5
0 3

ob=(6) /usr/lib64/valgrind/vgpreload_core-amd64-linux.so
fl=(6) ???
fn=(1172) 0x0000000000001050
0 5

fn=(1162) 0x00000000000010c0
0 8
cob=(2)
cfi=(2)
cfn=(1168) 0x000000000482e040
calls=1 0 
0 81
0 1
cfn=(1172)
calls=1 0 
0 5
0 3

fn=(368) 0x0000000000001100
0 11

ob=(9) /home/antox/repos/isd/libm4ri-0.0.20200125.so
fl=(20) /home/antox/repos/isd/m4ri/m4ri/echelonform.c
fn=(612) mzd_echelonize
31 8
cfi=(21) /home/antox/repos/isd/m4ri/m4ri/brilliantrussian.c
cfn=(616) _mzd_echelonize_m4ri
calls=2 603 
* 13647108
* 2

fn=(648) mzd_echelonize_pluq
38 9
+1 2
cfi=(23) /home/antox/repos/isd/m4ri/m4ri/mzp.c
cfn=(652) mzp_init
calls=1 -12 
* 4474
* 1
+1 1
-1 2
+1 1
cfi=(23)
cfn=(652)
calls=1 -13 
* 7777
* 1
+25 1
-25 1
+25 1
-22 2
+22 3
cfi=(24) /home/antox/repos/isd/m4ri/m4ri/ple.c
cfn=(660) mzd_pluq
calls=1 -24 
* 5500446
* 1
+2 3
-2 1
+2 3
cfi=(15) /home/antox/repos/isd/m4ri/m4ri/mzd.c
cfn=(628) mzd_init_window
calls=1 224 
* 9880
* 1
+1 3
-1 1
+1 1
+2 2
+20 2
cfi=(15)
cfn=(784) mzd_free
calls=1 265 
* 335
* 1
+14 3
cfi=(15)
cfn=(838) mzd_set_ui
calls=1 1505 
* 37793
* 1
+1 2
cfi=(15)
cfn=(784)
calls=1 265 
* 338
* 1
+2 2
+18 3
+6 2
cfi=(23)
cfn=(854) mzp_free
calls=1 -96 
* 281
* 1
+1 2
cfi=(23)
cfn=(854)
calls=1 -97 
* 283
* 1
+5 9
-67 3
+2 5
cfi=(15)
cfn=(628)
calls=1 224 
* 12841
* 1
* 1
+1 6
cfi=(30) /home/antox/repos/isd/m4ri/m4ri/triangular.c
cfn=(806) mzd_trsm_upper_left
calls=1 516 
* 3179023
* 1
+1 1
+34 6
cfi=(15)
cfn=(628)
calls=1 224 
* 9840
* 1
+1 1
-1 1
+1 2
cfi=(23)
cfn=(844) mzd_apply_p_right
calls=1 294 
* 783967
* 1
+1 2
cfi=(15)
cfn=(784)
calls=1 265 
* 701
* 1
* 1

fl=(12) /usr/lib/gcc/x86_64-pc-linux-gnu/9.3.0/include/mm_malloc.h
fn=(776) mzp_free_window
54 1
cob=(3) /lib64/libc-2.31.so
cfi=(3) ???
cfn=(780) free
calls=1 -54 
* 101
* 1

fl=(21)
fn=(1086) _mzd_mul_m4rm
1032 7
+31 1
-31 6
+29 2
+4 2
+1 2
+1 6
1192 7
1067 1
cfi=(15)
cfn=(1090) mzd_mul_naive
calls=1 1354 
* 537207
* 1

fn=(934) mzd_process_rows6
540 90
+2 30
-2 180
+3 30
-1 60
-2 30
+3 60
+2 60
-3 30
+3 30
-2 30
+2 60
-3 30
+1 30
+2 30
-2 30
+2 30
+2 30
-2 120
+2 30
-2 30
+2 60
+1 90
-1 30
+1 30
+1 90
-1 30
+1 30
+1 90
+1 30
-2 30
+2 30
-1 30
+1 30
-1 30
+1 30
+6 60
-6 30
+6 300
+1 60
-1 30
+1 240
+1 60
-1 30
+1 30
+2 30
-2 210
+1 60
-1 30
+1 240
+1 60
-1 30
+1 210
+1 60
-1 30
+1 240
+6 60
fi=(26) /home/antox/repos/isd/m4ri/./m4ri/mzd.h
1016 29
fi=(29) /home/antox/repos/isd/m4ri/m4ri/xor_template.h
43 29
fi=(26)
1016 58
+5 29
-5 29
+5 29
-5 29
+5 58
-5 58
+2 58
+3 29
-3 29
+3 58
-1 348
fi=(29)
43 174
fi=(26)
1019 58
+2 145
-2 17882
+2 93143
+1 5382
fe=(21)
570 10764
+2 5382
fi=(26)
1022 5382
fe=(21)
571 5382
-1 10764
+2 5382
-1 5382
+2 5382
+1 5382
-2 10764
+2 5382
-1 5382
+2 5382
-1 10764
+2 5382
-1 5382
+1 5382
+1 5382
-1 10764
+1 5382
+1 5382
+1 5382
-1 10764
+1 5382
+5 5382
-6 5382
+2 5382
+4 5382
-4 5382
+4 10764
-4 5382
+4 16146
fi=(26)
1022 3588
fe=(21)
570 7176
+2 3588
fi=(26)
1022 3588
fe=(21)
571 3588
-1 7176
+2 3588
-1 3588
+2 3588
+1 3588
-2 7176
+2 3588
-1 3588
+2 3588
-1 7176
+2 3588
-1 3588
+1 3588
+1 3588
-1 7176
+1 3588
+1 3588
+1 3588
-1 7176
+1 3588
+5 3588
-6 3588
+2 3588
+4 3588
-4 3588
+4 7176
-4 3588
+4 10764
-16 26910
+33 240
fi=(26)
1021 14352
fe=(21)

fn=(616)
603 30
+37 4
+2 4
+5 2
+2 2
+1 2
-3 2
+2 2
-2 2
+2 2
-2 2
+2 2
cfi=(15)
cfn=(518) mzd_init
calls=2 142 
* 17565
* 2
+1 8
-1 2
+1 4
cfi=(15)
cfn=(518)
calls=2 142 
* 308793
* 2
+9 4
-9 2
+4 2
+5 2
-5 6
+5 4
+2 2
-2 4
cfi=(15)
cfn=(628)
calls=2 224 
* 2856
* 2
+2 10
+2 2
-4 2
+2 6
cfi=(15)
cfn=(628)
calls=2 224 
* 3090
* 2
+2 10
-2 2
+4 2
-2 6
cfi=(15)
cfn=(628)
calls=2 224 
* 3214
* 2
+2 10
+2 2
-4 2
+2 6
cfi=(15)
cfn=(628)
calls=2 224 
* 3990
* 2
+2 10
-2 2
+2 6
cfi=(15)
cfn=(628)
calls=2 224 
* 4071
* 2
+2 10
-2 2
+2 2
cfi=(15)
cfn=(628)
calls=2 224 
* 4065
* 2
fi=(12)
45 6
fe=(21)
669 2
fi=(12)
45 2
cob=(3)
cfi=(3)
cfn=(450) posix_memalign
calls=2 -45 
* 1122
* 2
* 12
cob=(3)
cfi=(3)
cfn=(450)
calls=2 -45 
* 946
* 2
* 12
cob=(3)
cfi=(3)
cfn=(450)
calls=2 -45 
* 1086
* 2
* 12
cob=(3)
cfi=(3)
cfn=(450)
calls=2 -45 
* 946
* 2
* 12
cob=(3)
cfi=(3)
cfn=(450)
calls=2 -45 
* 1112
* 2
* 12
cob=(3)
cfi=(3)
cfn=(450)
calls=2 -45 
* 946
* 2
* 4
fe=(21)
694 2
+28 1
+57 2
fi=(26)
666 1
fe=(21)
779 1
fi=(26)
666 1
fe=(21)
+56 1
+41 1
-41 2
+41 2
-41 1
+41 2
-68 112
+2 8
+14 112
+2 48
52 32
fi=(26)
1017 32
-1 32
+1 16
-1 16
+5 16
-5 16
+1 16
+4 64
-5 32
+5 16
-5 240
fe=(21)
54 32
fi=(26)
1016 3750
fe=(21)
54 3810
fi=(26)
569 22400
1021 2280
+1 228
-1 228
+1 456
fe=(21)
57 456
-3 4
fi=(26)
1021 641
-1 641
+1 2934
+1 1239
fe=(21)
57 826
+1 42048
+1 25920
+3 3200
fi=(26)
390 1283
+4 1
+2 2
-2 1
+4 4
+1 1
+1 2
+1 1
-3 4
+1 18
+1 36
+1 18
-3 72
+5 8
+1 2
+1 1
fe=(21)
65 1920
fi=(26)
666 8736
fe=(21)
65 50592
fi=(26)
569 37008
fe=(21)
66 24672
fi=(26)
569 1872
fe=(21)
66 1248
-1 624
-13 5850
722 60
+10 60
-9 30
+10 75
-10 90
+5 15
-5 15
+1 30
-1 15
+1 15
+1 15
-1 15
+1 30
+1 30
+7 15
-7 15
+1 15
-2 15
+8 15
-7 15
+1 30
+1 15
-1 15
+1 15
+5 15
-5 30
+5 15
cfn=(830) mzd_make_table
calls=15 164 
* 212311
* 15
+1 150
cfn=(830)
calls=15 164 
* 212311
* 15
+1 120
+1 15
-1 15
cfn=(830)
calls=15 164 
* 212311
* 15
+1 90
+1 15
-1 15
cfn=(830)
calls=15 164 
* 212311
* 15
+1 105
cfn=(830)
calls=15 164 
* 212311
* 15
+1 120
cfn=(830)
calls=15 164 
* 212311
* 15
+2 45
+1 285
cfn=(934)
calls=15 540 
* 271185
* 15
+2 330
cfn=(934)
calls=15 540 
* 263139
* 15
* 75
+69 48
+3 7
cfi=(15)
cfn=(946) mzd_find_pivot
calls=1 1937 
* 113
* 1
* 2
694 105
+28 3
+23 3
+18 4
+16 4
-82 10
cfi=(15)
cfn=(642) _mzd_density
calls=2 2065 
* 20854
* 2
* 12
+95 4
+3 3
-2 1
+3 5
-3 1
+3 1
-3 1
+3 3
cfn=(830)
calls=1 164 
* 2833
* 1
-2 1
+3 3
-3 1
+3 5
cfn=(830)
calls=1 164 
* 2833
* 1
+2 3
+1 11
cfn=(940) mzd_process_rows2
calls=1 353 
* 17095
* 1
* 5
+25 4
cfi=(15)
cfn=(784)
calls=2 265 
* 402
* 2
fi=(12)
54 4
cob=(3)
cfi=(3)
cfn=(780)
calls=2 -54 
* 308
* 2
fe=(21)
827 4
cfi=(15)
cfn=(784)
calls=2 265 
* 396
* 2
fi=(12)
54 4
cob=(3)
cfi=(3)
cfn=(780)
calls=2 -54 
* 311
* 2
fe=(21)
829 4
cfi=(15)
cfn=(784)
calls=2 265 
* 316
* 2
fi=(12)
54 4
cob=(3)
cfi=(3)
cfn=(780)
calls=2 -54 
* 314
* 2
fe=(21)
831 4
cfi=(15)
cfn=(784)
calls=2 265 
* 431
* 2
fi=(12)
54 4
cob=(3)
cfi=(3)
cfn=(780)
calls=2 -54 
* 314
* 2
fe=(21)
833 4
cfi=(15)
cfn=(784)
calls=2 265 
* 442
* 2
fi=(12)
54 4
cob=(3)
cfi=(3)
cfn=(780)
calls=2 -54 
* 314
* 2
fe=(21)
835 4
cfi=(15)
cfn=(784)
calls=2 265 
* 436
* 2
fi=(12)
54 4
cob=(3)
cfi=(3)
cfn=(780)
calls=2 -54 
* 314
* 2
fe=(21)
837 4
cfi=(15)
cfn=(784)
calls=2 265 
* 1180
* 2
+2 4
cfi=(15)
cfn=(784)
calls=2 265 
* 1534
* 2
+5 28
fi=(17) /home/antox/repos/isd/m4ri/./m4ri/misc.h
624 4
fi=(13) /usr/include/bits/string_fortified.h
71 8
cob=(3)
cfi=(3)
cfn=(340) __memset_avx2_unaligned_erms
calls=2 -71 
* 96
* 2
fe=(21)
683 6
+1 2
-4 2
+4 22
cfi=(15)
cfn=(642)
calls=2 2065 
* 1624478
* 2
* 4
+3 6
cfi=(15)
cfn=(628)
calls=1 224 
* 11527
* 1
+1 1
-1 1
+1 2
cfi=(20)
cfn=(648)
calls=1 38 
* 9548084
* 1
+1 1
-1 1
+1 1
cfi=(15)
cfn=(784)
calls=1 265 
* 335
* 1
+1 5
fi=(17)
-66 4
fi=(13)
71 8
cob=(3)
cfi=(3)
cfn=(340)
calls=2 -71 
* 96
* 2
fi=(17)
632 6
-8 4
fi=(13)
71 8
cob=(3)
cfi=(3)
cfn=(340)
calls=2 -71 
* 96
* 2
fi=(17)
632 6
-8 4
fi=(13)
71 8
cob=(3)
cfi=(3)
cfn=(340)
calls=2 -71 
* 96
* 2
fi=(17)
632 6
-8 4
fi=(13)
71 8
cob=(3)
cfi=(3)
cfn=(340)
calls=2 -71 
* 96
* 2
fi=(17)
632 6
-8 4
fi=(13)
71 8
cob=(3)
cfi=(3)
cfn=(340)
calls=2 -71 
* 96
* 2
fi=(17)
632 5
fe=(21)
+11 6
+2 2
-2 2
cfi=(11) /home/antox/repos/isd/m4ri/m4ri/graycode.c
cfn=(620) m4ri_opt_k
calls=2 76 
* 392
* 2
+1 6
+1 26

fn=(830)
164 184
-1 184
+1 184
+1 184
+1 184
-2 184
-1 184
+3 184
-3 184
+2 184
-2 184
+3 184
-2 184
-1 552
+2 552
+1 184
+2 184
+4 184
-6 184
-1 184
+1 184
+2 184
-2 184
+2 736
+3 184
-3 184
+3 368
+2 368
+4 184
-3 552
+3 552
+1 1104
-1 1840
+11 552
-10 368
+10 368
-11 23056
-3 23056
+1 23056
+2 23056
+2 23056
-2 23056
+2 23056
+2 46112
+2 46112
-8 23056
-1 23056
+9 23056
+2 46112
-2 23056
+2 138336
+3 115280
-3 92224
+4 115280
+1 92224
+1 69168
+1 69168
+1 69168
+1 69168
+1 69168
+1 69168
-8 46112
+1 19050
+1 15240
+1 11430
+1 11430
+1 11430
+1 11430
+1 11430
+1 11430
-8 122900
+10 138336
+1 9144
+1 9144
+1 9144
+1 9144
+1 9144
+1 10668
+1 9144
+1 7620
-33 3048
+27 4572
+1 4572
+1 4572
+1 4572
+1 5334
+1 4572
+1 3810
-33 1524
+28 9144
+1 9144
+1 9144
+1 10668
+1 9144
+1 7620
-33 3048
+29 4572
+1 4572
+1 5334
+1 4572
+1 3810
-33 1524
+30 9144
+1 10668
+1 9144
+1 7620
-33 3048
+31 16002
+1 13716
+1 11430
-33 4572
+32 14088
+1 11740
-33 4696
+33 61630
-33 24652
+38 1288
-11 21584

fn=(940)
353 1
-2 1
+5 1
-5 2
+3 1
-3 3
+2 2
-2 1
+5 3
-3 1
+3 2
+5 1
-7 1
+7 1
-10 1
+10 1
-7 1
+7 9
-4 2
+5 1
-1 1
+1 10
+6 2
fi=(26)
1016 1
+5 3
-5 2
+5 2
-5 4
+2 2
+3 2
-1 10
fi=(29)
43 3
fi=(26)
1019 4
+2 2
-2 2516
+2 1258
+1 630
fe=(21)
370 630
fi=(26)
1022 630
fe=(21)
370 1890
+1 630
+1 630
-1 630
+1 1260
+1 1890
-5 1890
+16 7
fi=(26)
1021 2520
fe=(21)

fl=(30)
fn=(806)
516 5
+1 1
-1 1
+1 3
+2 3
+4 3
+1 3
-1 1
cfn=(810) _mzd_trsm_upper_left
calls=1 +3 
* 3179002
* 1

fn=(810)
526 9
+1 1
+3 2
+19 2
+26 1
-25 1
+25 6
-25 1
cfi=(31) /home/antox/repos/isd/m4ri/m4ri/triangular_russian.c
cfn=(814) _mzd_trsm_upper_left_russian
calls=1 50 
* 3178978
* 1

fl=(19) /home/antox/repos/isd/m4ri/m4ri/mzd.h
fn=(802) mzd_col_swap_in_rows
458 17920
+1 5132
306 16
+1 8
-1 36
+1 4
+1 12
-15 12
+14 8
-14 36
480 8
-16 8
+1 4
+2 4
-3 12
+1 8
+2 12
-2 4
+2 8
+1 68
+14 44
+45 2
+5 6
-1 2
-4 4
+11 2
265 4
538 4
265 16
535 2
+2 6
+1 4
-1 2
+1 6
+1 2
+1 2
-1 2
+1 2
+1 2
-4 4
+1 1274
-1 637
+1 1911
+1 637
+1 637
-1 637
+1 637
+1 637
-4 1276
+6 2
260 4
+9 4
555 17920
-62 2
265 2
493 2
+1 2
+17 4
-17 2
-1 2
+18 4
-17 2
265 10
486 2
-2 4
+1 2
+1 2
+1 2
+3 8
-5 6
+7 2
-1 2
-1 2
+3 2
+1 2
+2 2
-1 2
+1 2
-1 2
+1 2
+1 2
-2 2
+2 2
+2 2
+1 2
-3 2
+1 4
+3 2
-3 2
+5 4
-1 2
+1 2
+4 4
-3 6
+4 2
-3 6
+4 2
-3 6
+4 2
+1 2
-21 4
+2 157
-1 157
-1 157
+3 157
+1 157
+2 157
-1 157
+1 157
-1 157
+1 157
+1 157
-2 157
+2 157
+2 157
+1 157
-3 157
+1 314
+3 157
-3 157
+5 314
-1 157
+1 157
+4 314
-3 471
+4 157
-3 471
+4 157
-3 471
+4 157
+1 157
-21 324
+23 10
+1 2
-1 2
+2 6
+1 2
+1 10
+1 2
-5 6
260 2
520 2
260 4
+9 6

fn=(978) mzd_row_add
664 6386
+1 3193
-2 3193
+1 3193
+1 3193
+2 3193
+2 9579
+1 3193
+3 3193
-4 3193
+4 3193
+1 15965
+2 6386
+7 3193
-1 3193
-1 3193
+2 12772
fi=(27) /usr/lib/gcc/x86_64-pc-linux-gnu/9.3.0/include/emmintrin.h
1305 6386
fe=(19)
687 3193
-1 6386
+1 6386
fi=(27)
1305 19158
fe=(19)
687 9579
-1 19158
+1 54281
+7 9579
+8 9579
fi=(15)
277 3193
fe=(19)
677 12772
+1 6386

fl=(11)
fn=(1190) m4ri_destroy_all_codes
64 3
+1 21
+2 15
fi=(12)
-13 30
cob=(3)
cfi=(3)
cfn=(780)
calls=15 -54 
* 2095
* 15
fe=(11)
+13 1
fi=(12)
-13 2
cob=(3)
cfi=(3)
cfn=(780)
calls=1 -54 
* 101
* 1
fe=(11)
+14 32
fi=(12)
-14 32
cob=(3)
cfi=(3)
cfn=(780)
calls=16 -54 
* 3305
* 16
fe=(11)
+15 16
fi=(12)
-15 48
cob=(3)
cfi=(3)
cfn=(780)
calls=16 -54 
* 1610
* 16
fe=(11)
+12 32
fi=(12)
-12 2
cob=(3)
cfi=(3)
cfn=(780)
calls=1 -54 
* 81
* 1
fe=(11)
+18 1
+1 4

fn=(444) m4ri_build_all_codes
52 10
+1 4
+9 11
fi=(12)
-17 4
cob=(3)
cfi=(3)
cfn=(450)
calls=1 -45 
* 380
* 1
* 3
fi=(14) /home/antox/repos/isd/m4ri/m4ri/misc.h
624 2
fi=(13)
71 21
fe=(11)
-17 1
+2 2
-2 2
+2 5
+1 16
fi=(14)
616 32
fi=(12)
45 16
fi=(14)
616 16
fi=(12)
45 16
fe=(11)
+13 16
fi=(14)
616 16
fi=(12)
45 16
cob=(3)
cfi=(3)
cfn=(450)
calls=16 -45 
* 9860
* 16
* 32
fe=(11)
+13 16
fi=(12)
-13 32
fe=(11)
+14 16
fi=(12)
-14 32
cob=(3)
cfi=(3)
cfn=(450)
calls=16 -45 
* 7994
* 16
* 32
fe=(11)
+15 16
-1 16
+1 16
-4 32
+4 48
cfn=(468) m4ri_build_code
calls=16 -17 
* 23594912
* 16
-4 62
fi=(12)
-11 45
fe=(11)
+12 15
fi=(12)
-12 15
cob=(3)
cfi=(3)
cfn=(450)
calls=15 -45 
* 6573
* 15
* 3
fe=(11)
+12 1
fi=(12)
-12 1
cob=(3)
cfi=(3)
cfn=(450)
calls=1 -45 
* 351
* 1
* 48
fi=(14)
624 32
fi=(13)
71 16
fi=(14)
632 16
fi=(13)
71 16
fi=(14)
632 32
-8 32
fi=(13)
71 64
cob=(3)
cfi=(3)
cfn=(340)
calls=16 -71 
* 520658
* 16
* 16
fi=(14)
632 32
-8 32
fi=(13)
71 64
cob=(3)
cfi=(3)
cfn=(340)
calls=16 -71 
* 520658
* 16
* 16
fi=(14)
632 16
fe=(11)

fn=(472) m4ri_gray_code
33 131070
+1 393210
-2 131070
+3 655350
+1 131070
-2 131070
+1 131070
+1 262140
-2 262140
+1 5505036
+1 1835012
-2 1835012
+1 1835012
+1 3670024
-2 3670024
+6 262140

fn=(620)
76 8
fi=(22) /home/antox/repos/isd/m4ri/m4ri/graycode.h
+81 2
-3 4
fe=(11)
-78 2
fi=(22)
+80 4
+1 8
+1 4
-3 26
+1 16
-1 12
fe=(11)
-78 24
fi=(22)
+80 4
-1 4
+1 8
+1 4
-3 26
+1 16
-1 12
fe=(11)
-78 24
fi=(22)
+80 4
-1 4
+1 8
+1 4
-3 26
+1 16
-1 12
fe=(11)
-78 20
fi=(22)
+77 2
+3 4
-1 4
+1 8
+1 4
-3 26
+1 16
-1 12
fe=(11)
-78 10
+2 4

fn=(468)
43 32
-1 16
+1 16
-1 96
+1 144
cfn=(472)
calls=16 -10 
* 1504
* 16
* 393162
cfn=(472)
calls=131054 -10 
* 20838946
* 131054
* 655350
+2 16
+1 16
-1 32
+1 1496
+1 544
-1 272
+1 1047888
-1 523944
-1 272
+5 96

fl=(32) /home/antox/repos/isd/m4ri/m4ri/strassen.c
fn=(1082) _mzd_mul_even
41 8
+3 6
+2 1
+2 2
-9 4
+9 1
+3 2
208 9
54 6
+10 6
cfi=(21)
cfn=(1086)
calls=1 1032 
* 537242
* 1
* 1

fn=(1078) mzd_mul
345 8
+1 1
-1 1
+1 3
+3 2
+2 2
+5 4
+7 2
+2 1
-2 4
+2 4
-2 1
cfn=(1082)
calls=1 41 
* 537289
* 1
-6 3
cfi=(15)
cfn=(518)
calls=1 142 
* 26279
* 1
* 2

fl=(28) /home/antox/repos/isd/m4ri/m4ri/ple_russian_template.h
fn=(750) _mzd_process_rows_ple_7
5 154
+19 14
+4 28
-23 14
+19 14
+1 14
-20 14
+23 42
-4 14
+3 14
-2 14
+2 14
+1 14
-1 154
+1 14
-1 14
+1 140
+2 42
+1 28
+1 14
+1 14
-1 14
+1 126
+3 14
-3 14
+3 28
+1 14
+1 14
-1 14
+2 14
-1 14
+1 126
+3 14
-3 14
+3 28
+1 14
+1 14
-1 14
+2 14
-1 14
+1 126
+3 14
-3 14
+3 14
+1 14
+1 14
-1 14
+2 14
-1 14
+1 28
-3 14
+3 98
+3 14
-3 14
+3 14
+1 14
-1 14
+1 14
+1 14
+1 14
-1 14
+1 14
+6 14
-6 98
+6 14
-6 14
+3 14
+3 28
-6 14
+3 14
+3 28
-3 14
+1 14
+2 14
-1 14
-1 14
+1 14
+1 14
+4 14
-4 14
+4 14
-4 14
+5 14
-1 14
+1 14
-1 14
+1 56
+2 28
fi=(26)
1016 13
+5 13
-5 13
+5 13
-5 65
+5 130
fi=(29)
43 39
fi=(26)
1018 13
fe=(28)
71 13
fi=(26)
1020 26
-2 39
+1 65
+2 26
-3 3815
fe=(28)
71 3815
fi=(26)
1020 7630
-2 11445
+1 19075
+2 31435
+1 2645
fe=(28)
81 2645
fi=(26)
1022 5290
fe=(28)
80 5290
+1 7935
+1 7935
+2 2645
+1 2645
-3 5290
+2 10580
+1 5290
+1 2645
-1 2645
+1 5290
+2 10580
-2 5290
+3 2645
-1 2645
+1 5290
+1 2645
-1 2645
+1 2645
+3 2645
-3 2645
+2 10580
-2 2645
+2 2645
+1 5290
+1 2645
+7 2645
fi=(26)
1022 1183
fe=(28)
81 1183
fi=(26)
1022 2366
fe=(28)
80 2366
+1 3549
+1 3549
+2 1183
+1 1183
-3 2366
+2 4732
+1 2366
+1 1183
-1 1183
+1 2366
+2 4732
-2 2366
+3 1183
-1 1183
+1 2366
+1 1183
-1 1183
+1 1183
+3 1183
-3 1183
+2 4732
-2 1183
+2 1183
+1 2366
+1 1183
+7 1183
-8 1183
+1 1183
+2 1183
-2 1183
+2 1183
+1 1183
-1 2366
-2 1183
-1 2645
+1 2645
+2 2645
-2 2645
+2 2645
+1 2645
-1 5290
-2 2645
+2 2645
+1 5290
+1 2645
-1 2645
+1 5290
+2 10580
-2 2645
+2 2645
+1 5290
+1 5290
-1 2645
fi=(29)
-71 5290
fe=(28)
+72 2645
+2 2645
fi=(29)
-74 2645
fe=(28)
+74 2645
+1 2645
-1 2645
-2 5290
+3 2645
+1 10580
fi=(29)
-76 2645
fe=(28)
+76 2645
fi=(29)
-76 2645
fe=(28)
+66 1183
+1 2366
+1 1183
-1 1183
+1 2366
+2 4732
-2 1183
+2 1183
+1 2366
+1 2366
-1 1183
fi=(29)
-71 2366
fe=(28)
+72 1183
+2 1183
fi=(29)
-74 1183
fe=(28)
+74 1183
+1 1183
-1 1183
-2 2366
+3 1183
+1 4732
fi=(29)
-76 1183
fe=(28)
+76 1183
fi=(29)
-76 1183
+33 19140
-17 3828
+17 22968
fi=(27)
1305 7656
fi=(29)
122 3828
fi=(27)
1305 164604
fi=(29)
118 3828
+1 3828
+1 3828
+1 3828
-58 7656
fi=(27)
1305 6182
fi=(29)
122 3091
fi=(27)
1305 132913
fi=(29)
118 3091
+1 3091
+1 3091
+1 3091
-58 40634
+62 24420
fi=(27)
1305 30734
fi=(29)
178 2794
-53 8382
fi=(27)
1305 27049
fi=(29)
178 2459
-53 29729
+56 7656
fe=(28)
70 30559
fi=(26)
1020 1183
+1 3549
fe=(28)
113 112
fi=(29)
-78 18816
+8 1568
-8 17248
fe=(28)

fn=(740) _mzd_ple_a11_7
117 126
+2 14
-2 28
+2 28
+2 42
+16 28
+2 42
+1 28
-3 14
+3 42
-3 14
+1 14
+1 42
-1 14
+1 140
+1 210
+2 42
+1 14
+1 28
-1 14
+1 112
+3 14
-3 14
+3 14
+1 14
-1 14
+1 14
+1 154
+3 14
-3 14
+3 14
+1 28
+1 28
-2 14
+2 126
+3 14
-3 14
+3 28
+1 14
+1 28
-1 14
+1 112
+14 14
-14 14
+3 14
-3 14
+3 28
+1 14
+1 42
-1 14
+1 98
+3 14
-3 14
+3 28
+1 14
+1 42
-1 14
+1 98
+4 14
+2 28
fi=(26)
1016 60
+1 10
+1 10
-1 20
+1 10
fe=(28)
177 10
fi=(26)
1018 10
-1 10
+4 80
-1 30
+1 10
-1 70
fi=(29)
43 60
fi=(26)
1019 10
+2 70
-2 23
+2 413
+1 28
fe=(28)
184 28
-7 28
+8 56
fi=(26)
1022 28
fe=(28)
184 28
+1 56
+3 56
-3 28
+2 112
-2 28
+3 56
+3 56
-3 28
+2 112
-2 28
+3 56
+3 28
-3 28
+2 112
-2 28
+3 84
+3 28
-3 28
+2 112
-2 28
+3 84
+3 28
-3 28
fi=(26)
1022 5
fe=(28)
184 5
-7 5
+8 10
fi=(26)
1022 5
fe=(28)
184 5
+1 10
+3 10
-3 5
+2 20
-2 5
+3 10
+3 10
-3 5
+2 20
-2 5
+3 10
+3 5
-3 5
+2 20
-2 5
+3 15
+3 5
-3 5
+2 20
-2 5
+3 15
+3 5
-3 5
+2 20
-2 5
+3 15
+3 5
-4 112
-2 28
+3 84
+3 28
-3 28
+2 84
-2 28
+3 168
fi=(29)
30 56
fe=(28)
203 28
fi=(29)
30 56
fe=(28)
200 5
+2 15
-2 5
+3 30
fi=(29)
30 10
fe=(28)
203 5
fi=(29)
30 10
+33 182
-17 17
+17 102
fi=(27)
1305 34
fi=(29)
122 17
fi=(27)
1305 731
fi=(29)
118 17
+1 17
+1 17
+1 17
-58 187
+62 240
fi=(27)
1305 319
fi=(29)
178 29
-53 87
fi=(27)
1305 231
fi=(29)
178 21
-53 295
+56 66
fe=(28)
-6 99
+33 112
fi=(26)
1021 15
fi=(29)
62 32
-27 306
+8 54
fe=(28)

fl=(31)
fn=(824) _mzd_trsm_upper_left_submatrix
15 135
+1 90
+1 15
-1 15
+1 15
-1 45
+1 15
fi=(26)
569 15
fe=(31)
17 655
fi=(26)
569 610
fe=(31)
17 1830
fi=(26)
569 5000
fe=(31)
17 50501
fi=(26)
569 196572
fe=(31)
18 32762
fi=(26)
569 7500
fe=(31)
18 1250
+1 8476
+4 8476
-4 8476
+1 8476
+3 25428
-3 67808
+4 25428
+1 16952
+1 16952
+1 16952
+1 16952
+1 16952
+1 16952
+1 25428
-8 50856
+10 42380
+7 33904
+1 33904
-24 26053
-1 1250
+32 105
-13 25428

fn=(814)
50 9
+3 1
-3 2
+3 2
-3 3
+1 1
+2 2
-2 1
+2 1
+2 2
+21 1
+6 2
-6 1
-8 1
+14 3
-14 1
+8 1
fi=(17)
616 4
fe=(31)
76 7
fi=(17)
616 2
fe=(31)
84 1
fi=(17)
616 4
fe=(31)
88 16
-9 31
+3 21
cfi=(15)
cfn=(518)
calls=7 +60 
* 118492
* 7
* 3
cfi=(15)
cfn=(518)
calls=1 +60 
* 15647
* 1
+1 24
-1 16
+1 16
-1 8
+1 8
cfi=(15)
cfn=(628)
calls=8 224 
* 14903
* 8
* 8
fi=(12)
-38 16
fe=(31)
+38 8
fi=(12)
-38 16
cob=(3)
cfi=(3)
cfn=(450)
calls=8 -45 
* 5026
* 8
* 24
fi=(17)
624 16
fi=(13)
71 32
cob=(3)
cfi=(3)
cfn=(340)
calls=8 -71 
* 384
* 8
* 8
fi=(17)
632 8
fe=(31)
92 9
+6 4
+1 1
-1 1
+1 3
+1 2
-1 2
+1 1
+3 3
-4 27
-8 8
+3 118
cfn=(824)
calls=10 -79 
* 713636
* 10
* 3
cfn=(824)
calls=1 -79 
* 73529
* 1
+3 110
cfi=(21)
cfn=(830)
calls=11 +67 
* 111177
* 11
+1 110
cfi=(21)
cfn=(830)
calls=11 +66 
* 111177
* 11
+1 110
cfi=(21)
cfn=(830)
calls=11 +65 
* 111177
* 11
+1 99
cfi=(21)
cfn=(830)
calls=11 +64 
* 111177
* 11
+1 110
cfi=(21)
cfn=(830)
calls=11 +63 
* 111177
* 11
+1 110
cfi=(21)
cfn=(830)
calls=11 +62 
* 111177
* 11
+1 110
cfi=(21)
cfn=(830)
calls=11 +61 
* 111177
* 11
+1 110
cfi=(21)
cfn=(830)
calls=11 +60 
* 111177
* 11
+4 88
fi=(29)
-65 44
fi=(26)
1018 22
-2 11
+1 11
-1 33
+2 44
+1 22
+2 22
-3 6666
-2 3333
+1 3333
-1 9999
+2 13332
+1 6666
+2 6666
+1 3344
fe=(31)
113 3344
+1 3344
-1 3344
fi=(26)
1022 3344
fe=(31)
113 3344
fi=(26)
1016 3344
fe=(31)
113 3344
fi=(26)
1016 3344
fe=(31)
113 3344
fi=(26)
1016 3344
fe=(31)
113 3344
fi=(26)
1016 10032
+1 3344
+1 3344
-1 6688
+1 3344
-1 13376
+4 8424
+1 248
fe=(31)
115 248
-1 496
fi=(26)
1016 248
+6 248
-6 248
fe=(31)
114 496
fi=(26)
1016 248
fe=(31)
114 496
fi=(26)
1016 744
+1 248
+1 248
-1 496
+1 248
-1 992
+4 496
+1 3096
fe=(31)
115 3096
-1 6192
fi=(26)
1016 3096
+6 3096
-6 3096
fe=(31)
114 6192
fi=(26)
1016 3096
fe=(31)
114 6192
fi=(26)
1016 9288
+1 3096
+1 3096
-1 6192
+1 3096
-1 12384
+4 8320
+1 304
fe=(31)
115 304
+1 304
fi=(26)
1016 304
+6 304
-6 304
fe=(31)
115 304
fi=(26)
1016 304
fe=(31)
115 1216
fi=(26)
1016 912
+1 304
+1 304
-1 608
+1 304
-1 1216
+4 608
+1 3040
fe=(31)
115 3040
+1 3040
fi=(26)
1016 3040
+6 3040
-6 3040
fe=(31)
115 3040
fi=(26)
1016 3040
fe=(31)
115 12160
fi=(26)
1016 9120
+1 3040
+1 3040
-1 6080
+1 3040
-1 12160
+4 8600
+1 360
fe=(31)
116 360
+1 360
fi=(26)
1016 360
+6 360
-6 360
fe=(31)
116 360
fi=(26)
1016 360
fe=(31)
116 1440
fi=(26)
1016 1080
+1 360
+1 360
-1 720
+1 360
-1 1440
+4 720
+1 2984
fe=(31)
116 2984
+1 2984
fi=(26)
1016 2984
+6 2984
-6 2984
fe=(31)
116 2984
fi=(26)
1016 2984
fe=(31)
116 11936
fi=(26)
1016 8952
+1 2984
+1 2984
-1 5968
+1 2984
-1 11936
+4 8880
+1 416
fe=(31)
118 416
fi=(26)
1016 416
+6 416
fe=(31)
117 416
fi=(26)
1016 416
fe=(31)
117 416
fi=(26)
1016 416
fe=(31)
117 1664
fi=(26)
1016 1248
+1 416
+1 416
-1 832
+1 416
-1 1664
+4 832
+1 2928
fe=(31)
118 2928
fi=(26)
1016 2928
+6 2928
fe=(31)
117 2928
fi=(26)
1016 2928
fe=(31)
117 2928
fi=(26)
1016 2928
fe=(31)
117 11712
fi=(26)
1016 8784
+1 2928
+1 2928
-1 5856
+1 2928
-1 11712
+4 9328
+1 496
fe=(31)
118 496
+1 496
fi=(26)
1022 496
fe=(31)
118 1984
fi=(26)
1016 1488
fe=(31)
118 496
fi=(26)
1016 1488
+1 496
+1 496
-1 992
+1 496
-1 1984
+4 992
+1 2848
fe=(31)
118 2848
+1 2848
fi=(26)
1022 2848
fe=(31)
118 11392
fi=(26)
1016 8544
fe=(31)
118 2848
fi=(26)
1016 8544
+1 2848
+1 2848
-1 5696
+1 2848
-1 11392
+4 9952
+1 608
fe=(31)
121 608
-2 608
fi=(26)
1016 608
+6 608
fe=(31)
119 608
fi=(26)
1016 608
fe=(31)
119 608
fi=(26)
1016 608
fe=(31)
119 1216
fi=(26)
1017 608
fe=(31)
119 608
fi=(26)
1016 1824
+2 608
-1 1216
+1 608
-1 2432
+4 1216
+1 2736
fe=(31)
121 2736
-2 2736
fi=(26)
1016 2736
+6 2736
fe=(31)
119 2736
fi=(26)
1016 2736
fe=(31)
119 2736
fi=(26)
1016 2736
fe=(31)
119 5472
fi=(26)
1017 2736
fe=(31)
119 2736
fi=(26)
1016 8208
+2 2736
-1 5472
+1 2736
-1 10944
+4 5472
+1 3344
fe=(31)
122 3344
fi=(26)
1022 3344
fe=(31)
121 3344
+1 13376
+5 3344
-76 3344
+76 3344
-76 3344
+76 3344
fi=(29)
-97 13376
+33 20064
-17 13376
+17 13376
fi=(27)
1305 6688
fi=(29)
122 3344
fi=(27)
1305 153824
fi=(29)
119 3344
fi=(27)
1305 3344
fi=(29)
120 3344
-2 3344
+3 3344
-58 43472
+62 26752
fi=(27)
1305 40128
fi=(29)
178 3344
-53 40128
+56 6688
fe=(31)
-73 33440
-16 77
+51 10
+1 16
+2 18
cfn=(824)
calls=3 15 
* 3225
* 3
* 6
cfn=(824)
calls=1 15 
* 223
* 1
+2 40
cfi=(21)
cfn=(830)
calls=4 +16 
* 30948
* 4
+2 28
+4 9
fi=(26)
1017 18
fe=(31)
154 6
fi=(26)
1021 30
-1 3
+1 6
-1 21
+1 6
+1 30
fe=(31)
153 30
fi=(26)
1022 30
fe=(31)
151 30
+3 60
+2 1920
-6 174
fi=(26)
1019 27
+2 144
-1 10032
+1 10032
-1 8208
+1 8208
-1 8544
+1 8544
-1 8784
+1 8784
-1 2984
+1 2984
-1 5968
+1 5968
-1 3040
+1 3040
-1 6080
+1 6080
-1 10032
+1 10032
-1 9288
+1 9291
fe=(31)
143 18
+1 20
fi=(29)
43 2
fe=(31)
156 11
+4 7
cfi=(15)
cfn=(784)
calls=7 265 
* 1898
* 7
* 1
cfi=(15)
cfn=(784)
calls=1 265 
* 66
* 1
+2 16
cfi=(15)
cfn=(784)
calls=8 265 
* 5561
* 8
fi=(12)
54 24
cob=(3)
cfi=(3)
cfn=(780)
calls=8 -54 
* 1412
* 8
fe=(31)
159 16
+9 11
57 6
cob=(4)
cfi=(4)
cfn=(684)
calls=1 -57 
* 73
* 1
+2 2
fi=(22)
+98 1
fe=(31)
57 1
+2 6
fi=(22)
+95 1
+2 2
+1 4
+1 2
-3 13
+1 8
-1 6
fe=(31)
-96 4
cob=(4)
cfi=(4)
cfn=(690)
calls=1 -59 
* 21
* 1
+3 2
-3 9

fl=(10) /home/antox/repos/isd/m4ri/m4ri/misc.c
fn=(440) m4ri_init
79 1
cfi=(11)
cfn=(444)
calls=1 -27 
* 24662554
* 1

fn=(1180) m4ri_fini
86 1
+1 1
cfi=(16) /home/antox/repos/isd/m4ri/m4ri/mmc.c
cfn=(1184) m4ri_mmc_cleanup
calls=1 +39 
* 3028
* 1
+2 1
-1 1
cfi=(11)
cfn=(1190)
calls=1 -24 
* 7480
* 1

fl=(24)
fn=(660)
41 9
+1 4
+2 4
+4 1
-2 4
+2 4
-2 1
cfn=(664) _mzd_pluq
calls=1 +4 
* 5500418
* 1

fn=(664)
50 5
+1 1
cfn=(668) _mzd_ple
calls=1 +11 
* 5413330
* 1
* 1
+1 4
+5 3
cfi=(23)
cfn=(800) mzd_apply_p_right_trans_tri
calls=1 315 
* 87067
* 1
+3 5

fn=(668)
62 10
+1 1
-1 1
+4 1
cfi=(15)
cfn=(672) mzd_first_zero_row
calls=1 2100 
* 106
* 1
* 1
+1 2
+1 5126
+1 2
+5 6
+2 3
cfi=(15)
cfn=(676) mzd_copy
calls=1 1573 
* 203738
* 1
+1 3
-1 1
+1 2
cfi=(25) /home/antox/repos/isd/m4ri/m4ri/ple_russian.c
cfn=(680) _mzd_ple_russian
calls=1 393 
* 5119597
* 1
+1 2
-1 1
+1 1
cfi=(15)
cfn=(676)
calls=1 1573 
* 83876
* 1
+1 2
cfi=(15)
cfn=(784)
calls=1 265 
* 834
* 1
+99 9

fl=(9) ???
fn=(1194) 0x0000000000004c00
0 8
cob=(2)
cfi=(2)
cfn=(1200) 0x0000000004838ac0
calls=1 0 
0 81
0 1
cfn=(1204) 0x0000000000004b90
calls=1 0 
0 5
0 3

fn=(434) 0x0000000000004c40
0 11

fn=(1204)
0 5

fl=(23)
fn=(652)
27 2
fi=(12)
+18 4
fe=(23)
-18 16
fi=(12)
+18 4
cob=(3)
cfi=(3)
cfn=(450)
calls=2 -45 
* 930
* 2
* 4
fe=(23)
-16 2
fi=(12)
+16 4
fe=(23)
-16 2
fi=(12)
+16 4
cob=(3)
cfi=(3)
cfn=(450)
calls=2 -45 
* 1617
* 2
* 10
fi=(17)
689 8
fe=(23)
29 2
+1 2
+1 2
-1 2
+1 9606
+2 22
fi=(17)
689 4
fe=(23)

fn=(854)
35 4
fi=(12)
+19 4
cob=(3)
cfi=(3)
cfn=(780)
calls=2 -54 
* 346
* 2
* 2
fe=(23)
-16 2
fi=(12)
+16 2
cob=(3)
cfi=(3)
cfn=(780)
calls=2 -54 
* 200
* 2
fe=(23)

fn=(762) mzp_init_window
40 2
fi=(12)
+5 1
fe=(23)
-5 4
fi=(12)
+5 1
fe=(23)
-5 4
fi=(12)
+5 2
cob=(3)
cfi=(3)
cfn=(450)
calls=1 -45 
* 473
* 1
* 3
fi=(17)
689 2
fe=(23)
42 4
+1 3
+3 8

fn=(768) mzd_apply_p_right_trans_even_capped
300 3
+1 2
cfn=(772) _mzd_apply_p_right_even
calls=1 189 
* 29
* 1

fn=(772)
189 22
+1 2
-1 8
+1 5
+1 7
+1 3
+1 11
+3 1
cfi=(15)
cfn=(518)
calls=1 -54 
* 39720
* 1
+5 1
fi=(12)
45 2
fe=(23)
196 1
+5 1
fi=(17)
616 1
fi=(12)
45 2
cob=(3)
cfi=(3)
cfn=(450)
calls=1 -45 
* 948
* 1
* 4
fi=(17)
624 2
fi=(13)
71 4
cob=(3)
cfi=(3)
cfn=(340)
calls=1 -71 
* 5136
* 1
fe=(23)
202 6406
+2 2
+15 1
fi=(12)
45 2
fi=(17)
616 1
fi=(12)
45 2
cob=(3)
cfi=(3)
cfn=(450)
calls=1 -45 
* 654
* 1
* 2
fe=(23)
220 3
+1 1
+2 1
-3 3
+1 3
+1 2
-1 57
+1 38
+1 7791
-1 3840
-2 100
+6 3
+2 1
-2 3
+2 4
+1 6
+1 2
-1 18
+1 6
+2 48
-1 4
+1 4
+3 12
-4 636
+1 636
+3 2548
+1 1280
+1 1280
-2 2560
+1 24320
+1 24320
-2 48640
-5 3193
fi=(12)
54 2
cob=(3)
cfi=(3)
cfn=(780)
calls=1 -54 
* 125
* 1
* 2
cob=(3)
cfi=(3)
cfn=(780)
calls=1 -54 
* 81
* 1
fe=(23)
245 2
cfi=(15)
cfn=(784)
calls=1 +20 
* 422
* 1
+3 22
-7 12
84 48
+2 8
-2 4
+2 172
-2 76
+2 380
+1 24
+2 8
-2 16
+2 32
+1 8
-1 8
+1 32
+1 8
-1 8
+1 32
+3 8
-3 8
+3 24
+1 8
+3 8
-2 40
+1 48
+1 8
-1 8
+1 8
-4 24
+1 504
+3 504
-2 2520
+1 3024
+1 504
-1 504
+1 504
-4 1512
+7 24
+2 88
-1 16
+1 8
+4 8
-5 2544
+1 1272
+4 5112
+2 8960
+1 8960
+1 8960
+1 8960
+1 8960
+1 8960
+1 8960
+1 8960
+1 8960
+1 8960
+1 8960
+1 8960
+1 8960
+1 8960
+1 8960
+1 8960
+1 8960
+1 8960
+1 8960
+1 8960
+1 8960
+1 8960
+1 8960
+1 8960
+1 8960
+1 8960
+1 8960
+1 8960
+1 8960
+1 8960
+1 8960
+1 8960
+1 8960
+1 8960
+1 8960
+1 8960
+1 8960
+1 8960
+1 8960
+1 8960
+1 8960
+1 8960
+1 8960
+1 8960
+1 8960
+1 8960
+1 8960
+1 8960
+1 8960
+1 8960
+1 8960
+1 8960
+1 8960
+1 8960
+1 8960
+1 8960
+1 8960
+1 8960
+1 8960
+1 8960
+1 8960
+1 8960
+1 7680
+7 1280
-77 3856
-17 412
228 17
108 8961
fi=(17)
624 2
fi=(13)
71 4
cob=(3)
cfi=(3)
cfn=(340)
calls=1 -71 
* 27
* 1
fi=(17)
632 1
fe=(23)
211 5
+2 9
-1 1
+1 3
+1 2
-3 2
+2 1279
-1 1279
+1 3837
+1 2558
-3 2559

fn=(844)
294 3
+1 4
cfn=(772)
calls=1 189 
* 783959
* 1

fn=(800)
315 1
+2 1
-2 1
+2 1
-2 5
+2 4
+2 1
-2 1
+2 6
+1 1
+1 1
-1 4
+1 2
-1 1
+1 1
-1 4
+1 6
+2 20
cfi=(19)
cfn=(802)
calls=2 458 
* 32
* 25580
cfi=(19)
cfn=(802)
calls=2558 458 
* 56260
-2 5122
-2 4
+9 8

fl=(25)
fn=(680)
393 7
+2 1
-2 7
+1 1
+4 1
-4 1
+10 2
+12 4
+5 6407
+2 3216
+4 4
cfn=(694) ple_table_init
calls=1 39 
* 27247
* 1
* 24
cfn=(694)
calls=6 39 
* 165301
* 6
* 21
+2 1
+4 1
-4 2
cfi=(15)
cfn=(518)
calls=1 142 
* 11090
* 1
+4 1
fi=(12)
45 3
fe=(25)
429 1
fi=(12)
45 1
cob=(3)
cfi=(3)
cfn=(450)
calls=1 -45 
* 461
* 1
* 6
fi=(17)
689 5
fi=(12)
45 4
cob=(3)
cfi=(3)
cfn=(450)
calls=1 -45 
* 473
* 1
+3 3
fi=(17)
689 2
fe=(25)
440 5
+71 1
396 1
+1 2
511 6
+2 6
115 2
441 98
+24 210
+2 14
-2 14
-1 28
+3 28
-3 28
+3 168
cfn=(708) _mzd_ple_submatrix
calls=14 121 
* 1231218
* 14
+7 42
-7 14
+7 112
cfn=(716) _mzd_ple_a10
calls=14 339 
* 501021
* 14
+6 98
cfn=(722) _mzd_ple_to_e
calls=14 377 
* 62982
* 14
+3 56
618 3
+1 9
-1 2556
+1 3840
fi=(26)
306 8
+1 2
-1 22
+1 2
+1 4
-15 6
+14 4
-14 16
480 4
-16 2
+1 2
+2 2
+1 2
-4 2
+1 22
+17 26
+45 1
+5 3
-1 1
+1 1
-5 2
+1 1
+1 1
-1 1
+1 2
+9 11
-3 1
+2 2
+1 2
-1 1
+1 3
+1 1
+1 1
-1 1
+1 1
+1 1
-4 3
+6 1
260 2
+9 2
547 7
fe=(25)
+71 3
+3 5
cfi=(23)
cfn=(762)
calls=1 40 
* 508
* 1
+1 3
-1 1
+1 2
cfi=(23)
cfn=(768)
calls=1 300 
* 35
* 1
+1 2
cfi=(12)
cfn=(776)
calls=1 54 
* 103
* 1
+2 2
cfi=(15)
cfn=(784)
calls=1 265 
* 143
* 1
* 3
+1 3
cfn=(794) ple_table_free
calls=1 48 
* 548
* 1
* 18
cfn=(794)
calls=6 48 
* 5975
* 6
* 14
fi=(12)
54 2
cob=(3)
cfi=(3)
cfn=(780)
calls=1 -54 
* 81
* 1
* 2
cob=(3)
cfi=(3)
cfn=(780)
calls=1 -54 
* 81
* 1
fe=(25)
636 12
511 70
fi=(26)
-18 3
+1 1
+17 2
-17 1
+17 1
-18 1
+1 1
+17 8
-25 1
-2 2
+1 1
+1 1
+1 1
+3 3
+23 5
+1 2
-1 2
+2 6
+1 2
+1 10
+1 2
-5 5
260 1
520 1
260 2
+9 3
483 2
fe=(25)
67 14
+11 70
512 14
67 126
+10 14
-10 14
+11 14
-11 42
+10 28
-10 14
+10 42
+1 14
+4 14
-1 84
+5 14
-1 84
+5 14
-1 84
+5 14
-1 84
+4 28
+5 28
+4 14
-9 56
+10 14
-6 14
+6 294
+3 70
-1 140
+1 70
-2 210
+2 14
-1 28
+1 14
-2 42
+5 168
+2 16622
-1 13440
-1 1920
536 70
-2 14
+1 42
-3 308
+5 672
+2 84
-2 336
+4 84
-4 252
cfn=(734) mzd_make_table_ple
calls=84 203 
* 1672635
* 84
-5 14
+5 112
+2 14
-2 56
+4 14
-4 42
cfn=(734)
calls=14 203 
* 281586
* 14
+3 98
-4 98
+4 294
+2 98
-6 224
+9 126
406 6
cob=(4)
cfi=(4)
cfn=(684)
calls=1 0 
* 73
* 1
+2 2
-2 1
fi=(22)
157 1
fe=(25)
408 5
fi=(22)
154 1
+2 2
+1 4
+1 2
-3 13
+1 8
-1 6
fe=(25)
408 4
cob=(4)
cfi=(4)
cfn=(690)
calls=1 0 
* 21
* 1
+3 2
-3 9
+32 71
613 28
-55 112
cfi=(28)
cfn=(740)
calls=14 117 
* 8912
* 14
+3 70
+1 98
cfi=(28)
cfn=(750)
calls=14 5 
* 1093957
* 14
* 14

fn=(694)
39 7
fi=(12)
+6 7
fe=(25)
-6 7
fi=(12)
+6 7
fe=(25)
-6 56
fi=(12)
+6 14
cob=(3)
cfi=(3)
cfn=(450)
calls=7 -45 
* 3187
* 7
* 21
fi=(17)
689 14
fe=(25)
41 21
+1 7
-1 14
cfi=(15)
cfn=(518)
calls=7 142 
* 175270
* 7
+1 7
fi=(12)
+3 14
fe=(25)
-4 7
+1 7
fi=(12)
+3 14
cob=(3)
cfi=(3)
cfn=(450)
calls=7 -45 
* 3262
* 7
* 35
fi=(17)
689 35
fe=(25)
42 7
fi=(12)
+3 28
cob=(3)
cfi=(3)
cfn=(450)
calls=7 -45 
* 3262
* 7
* 42
fi=(17)
689 14
fe=(25)
44 7
-1 7
+1 7
fi=(12)
+1 7
fe=(25)
-1 7
fi=(12)
+1 14
fe=(25)
-1 7
fi=(12)
+1 7
cob=(3)
cfi=(3)
cfn=(450)
calls=7 -45 
* 6944
* 7
* 35
fi=(17)
689 28
fe=(25)
44 7
+2 70

fn=(708)
121 154
+8 14
-8 182
+6 14
+2 14
-2 14
+1 28
+3 28
fi=(26)
1017 28
+4 14
-4 28
-1 14
+5 28
-4 14
-1 28
+1 14
+4 56
-5 28
+5 14
-5 112
fe=(25)
144 98
+1 28
-1 14
+1 70
-1 14
+1 14
-1 14
+1 84
+4 98
-5 4704
+1 1344
-1 672
+1 3360
-1 672
+1 672
-1 672
+1 4032
+4 4704
fi=(26)
569 12880
1021 3536
+1 442
-1 442
+1 442
fe=(25)
151 884
-2 2552
fi=(26)
1019 3834
+2 4228
+1 1672
fe=(25)
151 1672
+3 9848
+4 16235
-4 121996
+1 61610
+1 113645
+1 8001
fi=(26)
664 8001
-2 16002
+1 8001
-1 8001
+4 8001
-2 8001
+3 8001
-1 8001
-2 8001
+2 8001
-4 8001
+2 8001
+3 8001
-4 8001
+3 8001
-2 16002
+2 8001
+4 8001
-6 8001
+2 16002
-1 8001
+1 8001
+3 32004
+4 8001
-4 8001
+4 8001
-3 8001
+4 8001
-1 8001
+1 32004
+2 16002
+1 16348
+1 8174
+5 4087
-1 4087
-1 4087
+2 16348
fi=(27)
1305 8174
fi=(26)
687 4087
-1 8174
+1 8174
-4 3914
-1 3914
-1 3914
+2 15656
fi=(27)
1305 7828
fi=(26)
687 3914
-1 7828
+1 7828
fi=(27)
1305 30488
fi=(26)
687 15244
-1 30488
+1 126500
+3 8001
+4 28297
+8 17176
+3 4294
-3 14828
+3 4931
fe=(25)
160 6190
+7 2560
fi=(26)
390 2452
+4 293
+2 293
+2 293
-4 293
+4 1758
+1 293
+1 586
+1 293
-3 1172
+1 2946
+1 5892
+1 2946
-3 11784
+5 2637
+1 586
+1 293
fe=(25)
170 879
+1 293
-1 586
+1 879
+2 293
-2 293
+2 293
-1 293
-29 1465
+27 1041
+1 347
-1 694
+1 1041
+2 347
-2 347
+2 347
-1 347
-29 1965
+35 70
58 65
-1 26
+1 3822
181 26
+1 13
-3 4
+3 8
fi=(26)
694 3
fe=(25)
182 71
fi=(26)
694 39
fe=(25)
182 3834
+1 4480
fi=(26)
664 88
fe=(25)
183 76
fi=(26)
569 28
fe=(25)
184 14
fi=(26)
569 168
fe=(25)
184 28
fi=(26)
569 22
fe=(25)
184 11
fi=(26)
569 132
fe=(25)
184 22
fi=(26)
662 26
+1 13
-1 26
+2 13
-2 13
+2 13
-2 13
+1 13
+1 39
+1 13
-1 13
+3 13
+2 26
-2 13
-1 13
+7 13
-7 13
+7 13
-7 78
+3 39
+1 13
+4 65
+2 26
+1 40
+1 10
+5 10
-1 10
-1 10
+2 40
fi=(27)
1305 20
fi=(26)
687 10
-1 20
+1 20
-4 3
-1 3
-1 3
+2 12
fi=(27)
1305 6
fi=(26)
687 3
-1 6
+1 6
fi=(27)
1305 32
fi=(26)
687 16
-1 32
+1 175
+7 28
+8 2
fe=(25)
183 4
fi=(26)
702 6
fe=(25)
183 4
fi=(26)
702 11
fe=(25)
183 22
fi=(26)
702 33
fe=(25)
183 22
-1 4452
fi=(26)
694 25949
fe=(25)
132 14
+1 14
+10 14
-10 14
+1 14
+2 14
-2 14
+1 28
+8 28
+45 28
+2 28
+1 28
+8 168
fi=(26)
694 77
fe=(25)

fn=(734)
203 490
+16 98
-16 392
+4 98
-2 98
+9 98
-11 98
+12 98
+5 98
-13 98
+7 196
+1 98
+11 98
-23 98
+11 98
+1 196
+5 98
-1 98
+1 98
+1 196
-6 98
+6 392
+1 588
+1 98
-1 98
+4 98
-3 98
+3 98
-3 98
+3 98
+3 98
-3 98
+1 98
+2 196
+4 14
+1 14
+1 1
+2 1
+1 1
+15 1
-18 3
+2 1
+1 1
+15 2
-16 1
+16 2
-16 12
+19 1
-21 3
+3 1
-3 1
+2 3
+1 5
+4 1
-7 18
+3 6
-3 6
+2 18
+1 30
+4 27
-36 91
+2 91
+54 91
-56 91
+56 91
-54 91
+55 91
+1 91
+1 182
+3 91
+1 91
+15 273
-18 91
+2 91
+1 91
+15 91
-18 91
+18 91
-16 273
fi=(26)
1016 546
+2 91
-2 91
+5 273
-3 91
+3 91
-3 91
+3 91
-1 273
fe=(25)
290 364
fi=(26)
1020 182
+1 637
fe=(25)
290 91
-22 273
+1 91
-3 91
+2 91
+1 91
-3 91
+3 364
+4 91
-5 34398
+1 11466
-3 11466
+2 11466
+1 11466
-3 11466
+3 45864
+4 57694
+11 11557
fi=(26)
1021 23114
fe=(25)
284 11557
+1 11557
fi=(26)
1021 30226
+1 1016
fe=(25)
289 1016
fi=(26)
1022 1016
fe=(25)
289 2032
+1 5080
-25 2032
fi=(26)
1022 10541
fe=(25)
289 10541
fi=(26)
1022 10541
fe=(25)
289 21082
+1 52705
-25 21173
fi=(26)
1016 91
fe=(25)
297 91
fi=(26)
1021 91
-5 91
+4 91
603 182
fe=(25)
297 182
fi=(26)
1021 91
fe=(25)
297 182
fi=(26)
1016 91
603 91
1016 455
+4 91
-2 182
+2 91
+1 64554
+1 32004
fe=(25)
298 32004
fi=(26)
1022 2667
fe=(25)
298 2667
+1 11557
fi=(26)
602 57785
+2 27178
1019 1016
+2 2032
-2 10541
+2 23749
fe=(25)
253 14
+1 7
+2 21
fi=(17)
390 42
fe=(25)
245 42
+1 42
+1 42
+1 42
+1 42
+1 7
+1 7
-1 28
+1 14
-3 42
+1 42
+1 7
+1 7
-1 28
+1 14
-1 7
-7 42
+1 49
-6 35
+31 1143
+7 6858
+1 6858
+1 6858
+1 6858
+1 6858
+1 1143
+1 1143
-1 5715
+1 2286
-6 111252
+1 111252
+1 111252
+1 111252
+1 111252
+1 18542
+1 18542
-1 92710
+1 37084
-5 7620
+1 7620
+1 7620
+1 7620
+1 1270
+1 1270
-1 6350
+1 2540
-4 14478
+1 14478
+1 14478
+1 2413
+1 2413
-1 12065
+1 4826
-3 12954
+1 12954
+1 2159
+1 2159
-1 10795
+1 4318
-2 6858
+1 1143
+1 1143
-1 5715
+1 2286
-1 1143
+1 1143
-1 5715
+1 2286
-8 104394
+1 129794
-6 34544
fi=(17)
404 56
+1 56
+1 14
fe=(25)
256 14
fi=(17)
406 14
fe=(25)
256 7
fi=(17)
406 7
fe=(25)
256 7
-22 14
+74 784
fi=(26)
1021 31623
fe=(25)
256 14

fn=(722)
377 140
+3 14
-3 14
+3 14
+1 14
-1 14
+1 28
-1 14
+1 14
cfi=(15)
cfn=(726) mzd_submatrix
calls=14 1773 
* 27360
* 14
+2 42
+2 14
-2 14
fi=(26)
640 42
fe=(25)
384 2560
fi=(26)
643 2556
fe=(25)
385 639
fi=(26)
641 639
-1 1278
fe=(25)
385 1917
fi=(26)
641 1278
-1 1278
+1 1278
+2 639
-2 639
+1 1917
+1 1278
-1 639
+1 1917
+1 1917
+1 1278
fe=(25)
385 199
fi=(26)
641 199
-1 398
fe=(25)
385 597
fi=(26)
641 398
-1 398
+1 398
+2 199
-2 199
+1 597
+1 398
-1 199
+1 597
+1 597
+1 398
fe=(25)
384 2514
-1 3172
+7 126

fn=(716)
339 112
+1 14
-1 42
+1 28
+3 56
fi=(26)
+49 14
+1 14
fe=(25)
-50 28
fi=(26)
+49 14
+1 42
-1 56
+11 84
fe=(25)
-60 14
fi=(26)
+47 28
fe=(25)
-47 626
fi=(26)
+47 1838
+3 293
+1 293
-1 293
+5 293
-4 293
-1 293
+1 293
+2 293
+2 1172
+1 293
+1 586
+1 293
-3 1172
+1 1742
+1 3484
+1 1742
-3 7261
+5 1758
+1 586
+1 293
fe=(25)
-62 1962
+2 28
fi=(26)
1016 14
fe=(25)
346 14
+3 14
fi=(26)
1016 84
+1 42
-1 14
+5 14
-4 14
+4 154
-3 14
fe=(25)
346 14
fi=(26)
1018 56
+1 14
+2 28
-3 612
fe=(25)
346 612
fi=(26)
1018 2448
+1 612
+2 2617
+1 796
fe=(25)
348 199
fi=(26)
1022 1708
fe=(25)
348 24490
+1 76455
+1 21810
+1 314525
-3 21810
-3 1878
+13 98
fi=(26)
1020 1281
+1 854
fe=(25)

fn=(794)
48 14
fi=(12)
+6 14
cob=(3)
cfi=(3)
cfn=(780)
calls=7 -54 
* 567
* 7
* 14
cob=(3)
cfi=(3)
cfn=(780)
calls=7 -54 
* 858
* 7
* 14
cob=(3)
cfi=(3)
cfn=(780)
calls=7 -54 
* 964
* 7
fe=(25)
-2 14
cfi=(15)
cfn=(784)
calls=7 265 
* 3303
* 7
fi=(12)
+2 21
cob=(3)
cfi=(3)
cfn=(780)
calls=7 -54 
* 705
* 7
fe=(25)

fl=(16)
fn=(788) m4ri_mmc_free
85 792
+9 924
+2 3378
-1 4902
+7 308
+3 77
fi=(12)
-51 154
cob=(3)
cfi=(3)
cfn=(780)
calls=77 -54 
* 13810
* 77
fe=(16)
+51 77
-2 77
+2 77
-1 77
+1 385
+11 462
-19 55
+1 55
+18 330

fn=(524) m4ri_mmc_malloc
44 945
+10 675
+2 3714
-1 5454
fi=(12)
-10 384
cob=(3)
cfi=(3)
cfn=(450)
calls=96 -45 
* 71675
* 96
* 192
fi=(17)
689 384
fe=(16)
57 39
+2 39
-1 39
+9 78
+10 1464

fn=(1184)
126 6
+9 32
fi=(12)
-81 48
cob=(3)
cfi=(3)
cfn=(780)
calls=16 -54 
* 2874
* 16
fe=(16)
+82 16
-2 32
+8 4

fl=(15)
fn=(520) mzd_t_malloc
76 183
+7 61
-7 183
+7 305
+13 61
-36 61
+36 61
-33 488
-1 732
+1 456
+1 228
-3 1098
+45 61
+1 61
-1 61
+1 122
+4 427

fn=(642)
2065 24
+4 8
-4 4
+4 8
+7 8
+1 16
+2 12
+1 8
-24 4
+2 4
+1 64
+1 16
+25 20
+5 12
-24 12
+1 4
+23 20
-33 8
+23 12
+1 12
-1 5022
+1 6302
fi=(19)
569 17920
fe=(15)
2082 2560
-1 3840
fi=(19)
569 1128960
fe=(15)
2082 161280
-1 241920
+4 5034
+1 1678
-30 1678
+31 1678
-31 8390
+1 8390
+1 8390
+1 8390
+1 8390
+1 5034
+25 3356
-1 3356
+4 5034
+2 3356
-12 5066
+15 4
+1 28

fn=(860) mzd_transpose
1327 32
+1 8
+2 2
+7 20
fi=(19)
190 8
fe=(15)
1339 16
+13 4
-13 8
+13 16
-13 4
cfn=(866) _mzd_transpose
calls=4 1032 
* 881004
* 4
-9 4
-1 6
cfn=(518)
calls=3 142 
* 120928
* 3
* 9

fn=(946)
1937 8
+2 1
+3 2
-5 1
+1 1
-1 3
+2 1
+3 2
+27 1
+1 1
+1 1
-2 5
+1 1
+2 1
-2 1
+1 2
-1 1
+2 2
+76 1
+1 7
-53 11
+1 16
-1 32
+24 3
+3 3
+26 1
-29 2
-79 2

fn=(1108) mzd_is_zero
1909 1
-1 1
+1 2
-3 1
+4 4
+1 5
-1 3840
+1 1280
+1 1280
-3 1920
+5 1
+1 2

fn=(926) mzd_col_swap
1815 7
+1 2
+5 2
+1 1
+2 1
-3 2
+6 1
fi=(19)
260 1
fe=(15)
1821 1
+1 2
+2 3
-2 1
+2 2
+1 6
fi=(19)
213 1
fe=(15)
1828 1
fi=(19)
213 4
fe=(15)
1828 2
fi=(19)
260 2
+9 3
fe=(15)
1831 1
+3 1
-3 1
+3 1
-1 1
+1 2
+2 10
+43 1
+5 3
-1 1
-4 2
+10 1
fi=(19)
265 1
fe=(15)
1889 2
fi=(19)
265 2
fe=(15)
1889 1
fi=(19)
265 2
fe=(15)
1888 5
+1 2
-1 1
+1 3
+1 1
+1 1
-1 1
+1 1
+1 1
-4 2
+1 1278
-1 639
+1 1917
+1 639
+1 639
-1 639
+1 639
+1 639
-4 1280
fi=(19)
260 2
fe=(15)
1904 7

fn=(1098) _mzd_mul_naive
1387 14
+4 6
+1 1
+3 12
+2 3200
+1 640
-3 3198
+7 5
+1 4
+6 258
+1 1
+2 1
-2 2
+2 2
+28 14
+16 1
-13 2
fi=(33) /home/antox/repos/isd/m4ri/m4ri/parity.h
85 2
fe=(15)
1441 1
+15 2
-15 1
+2 1
+13 1
-13 1
+13 1
-13 1
+13 4
+5 20
fi=(33)
91 8
fe=(15)
1441 1
+1 1
+1 1
-2 1
+1 1
+1 2
-2 639
+1 639
+1 639
-2 639
+1 639
+1 1278
+9 1920
-12 3200
+27 12
-14 1920
+3 1920
+1 1280
+1 640
-1 2560
+1 640
-1 640
+1 1280
+1 640
-1 640
+1 74880
-3 2560
fi=(33)
83 1280
+1 640
+4 640
-5 640
+11 640
+4 640
-15 640
+1 640
+4 640
-5 1280
+15 640
-15 3200
+1 5120
+3 640
-3 1280
+1 5120
+2 640
-2 1280
+2 4480
+1 640
-1 1280
+1 4480
+5 640
-5 1280
+1 5760
+2 6400
+2 5120
+1 640
-1 1280
+1 4480
+3 640
-3 1280
+1 6400
+2 5120
+1 640
-1 1280
+1 4480
+5 640
-5 1280
+1 4480
+4 640
-4 1280
+2 4480
-18 640
+18 1280
+2 4480
-20 640
+20 1280
-20 4480
+1 640
-1 1280
+1 4480
+3 640
-3 1280
+1 4480
+2 640
-2 1280
+2 4480
+1 640
-1 1280
+1 4480
+6 640
-6 1280
+1 4480
+2 640
-2 640
+2 640
-2 640
+2 640
+2 640
-2 2560
+2 640
-2 1280
+2 4480
+1 640
-1 1280
+1 4480
+3 640
-3 1280
+1 4480
+2 640
-2 1280
+2 4480
+1 640
-1 1280
+1 5760
+1 5760
+2 5120
+17 640
-17 1280
+2 3840
+15 640
-15 1280
+15 640
-15 640
+15 640
-15 640
+15 5120
-35 1280
+1 640
+4 640
-5 4480
+1 640
-1 1280
+1 4480
+3 640
-3 1280
+1 4480
+2 640
-2 1280
+2 4480
+1 640
-1 1280
+1 5120
+6 640
-6 1280
+1 4480
+2 640
-2 640
+2 640
-2 640
+2 640
+2 640
-2 2560
+2 640
-2 1280
+2 4480
+1 640
-1 1280
+1 5120
+3 640
-3 1280
+1 4480
+2 640
-2 1280
+2 4480
+1 640
-1 1280
+1 6400
+1 5760
+2 5120
-18 640
+18 1280
+2 5120
-20 640
+20 1280
-20 640
+20 640
-20 3200
+1 640
-1 640
+1 640
-1 1280
+1 640
-1 640
+1 4480
+4 640
-4 1280
+3 640
-3 1280
+1 4480
+2 640
-2 1280
+2 4480
+1 640
-1 1280
+1 6400
+1 4480
+2 640
-2 640
+2 640
-2 640
+2 640
+2 640
-2 1920
+2 640
-2 640
+2 1920
-2 640
+2 640
-2 640
+2 1920
+1 640
-1 640
+1 640
-1 1280
+1 5120
+3 640
-3 1280
+1 5760
+2 5120
+1 640
-1 1280
+1 6400
+1 5760
+2 6400
+21 640
-19 4480
+21 640
-21 1280
+19 3840
+2 640
-2 1280
fe=(15)
1461 640
fi=(33)
124 5120
fe=(15)
1461 1920

fn=(606) mzd_concat
1596 30
+1 9
+2 6
+2 14
+4 6
+3 3
-2 6
+2 3
-1 9
-1 3
+1 3
+1 9
-2 1278
+1 1278
+1 81975
-3 6399
+6 12
+1 6
fi=(19)
585 12
fe=(15)
1612 2562
fi=(19)
569 1281
fe=(15)
1613 1281
-1 1281
fi=(19)
569 1281
+16 3843
-16 1281
+16 14091
-16 2562
+16 1281
-16 1281
+16 1281
-16 2562
fe=(15)
1612 1281
fi=(19)
569 1281
+16 11529
fe=(15)
1612 2562
fi=(19)
569 818559
+16 9004149
-16 1637118
+16 818559
-16 818559
+16 818559
-16 1637118
fe=(15)
1612 818559
fi=(19)
569 818559
+16 7367031
fe=(15)
1612 1637118
-1 3843
+8 27
-19 3
cfn=(518)
calls=1 142 
* 2057
* 1
* 3

fn=(1094) _mzd_copy_transpose_64xlt64
693 40
486 20
693 140
486 20
693 40
486 20
693 20
486 20
693 60
486 160
772 20
-1 20
+2 20
-1 40
+2 100
+1 60
+1 40
-3 20
+3 20
-3 40
+1 600
+1 1800
+1 1200
-3 600
+3 600
-3 1200
+5 60
+11 220

fn=(726)
1773 15
+2 15
-2 120
+1 30
-1 15
+2 15
+2 30
+2 98
+5 30
+29 135
-27 135
+2 15
-2 15
+2 30
+1 30
+1 405
fi=(13)
34 15
fe=(15)
1790 15
fi=(13)
34 15
fe=(15)
1790 45
fi=(13)
34 15
cob=(3)
cfi=(3)
cfn=(600) __memcpy_avx_unaligned_erms
calls=15 -34 
* 427
* 15
fe=(15)
1790 2530
fi=(13)
34 1265
fe=(15)
1790 1265
fi=(13)
34 1265
fe=(15)
1790 3795
fi=(13)
34 1265
cob=(3)
cfi=(3)
cfn=(600)
calls=1265 -34 
* 31573
* 1265
fe=(15)
1789 2560
+4 90
-15 3
cfn=(518)
calls=1 142 
* 66441
* 1
* 2

fn=(866)
1032 28
fi=(19)
213 8
fe=(15)
1032 4
+7 4
-7 4
fi=(19)
213 12
fe=(15)
1032 12
+8 4
fi=(19)
213 12
fe=(15)
1041 4
-1 4
+1 4
fi=(19)
213 8
fe=(15)
1046 8
+5 8
+1 8
+13 8
+18 6
-1 3
+1 6
-1 3
+1 15
+3 3
-1 12
+1 6
+10 3
+5 3
-1 3
-1 3
-3 21
+21 9
-21 3
+21 3
-21 3
+21 72
-14 160
420 80
+16 40
+8 60
-8 40
+8 660
1112 150
-1 300
+1 150
-1 150
-8 300
+9 150
-1 300
+1 150
-1 150
-8 300
+1 900
+4 150
421 450
1108 150
419 300
+23 300
-23 150
+2 150
+6 300
+13 150
-19 150
+19 150
-19 150
+10 150
+9 900
-5 1200
+1 600
+1 150
-1 300
+2 300
-2 150
+1 150
+1 150
+2 150
-3 600
+2 300
+2 150
-2 150
+1 300
+1 300
-6 450
+1 18600
+1 4650
-1 9300
+2 9300
-2 4650
+1 4650
+1 4650
+2 4650
-3 18600
+2 9300
+2 4650
-2 4650
+1 9300
+1 9300
-6 28650
+18 1350
+3 150
-1 150
+1 300
+2 300
+7 1200
-1 300
-6 1200
+7 4800
-1 55500
+1 9300
+1 9300
-2 9300
+1 18600
+1 9300
-1 9300
+1 18600
+1 9300
-1 9300
+1 27900
+1 37200
+1 9300
+1 18600
-6 27900
+1 14700
+1 14700
-2 14700
+1 29400
+1 14700
-1 14700
+1 29400
+1 14700
-1 14700
+1 44100
+1 58800
+1 14700
+1 29400
-6 62700
+11 9300
+1 9300
+2 18600
-22 4662
1122 6
+26 8
+7 18
+1 4
+3 1
-3 1
cfn=(1074) _mzd_copy_transpose_lt64x64
calls=1 560 
* 622
* 76
+3 19
-3 19
cfn=(1074)
calls=19 560 
* 11818
+2 100
-3 47
+7 3
+22 48
-68 120
+5 40
-1 40
+1 80
-1 40
+1 40
-1 40
+1 80
+2 40
-1 80
-1 185
-4 180
cfn=(1094)
calls=20 693 
* 7200
* 80

fn=(784)
265 240
+1 480
cfi=(16)
cfn=(788)
calls=60 85 
* 11449
* 60
fi=(19)
-65 360
fe=(15)
+68 288
cfi=(16)
cfn=(788)
calls=36 85 
* 7101
* 36
* 432
+1 36
cfi=(16)
cfn=(788)
calls=36 85 
* 7467
* 36
118 180
+2 240
+1 120
fi=(19)
+80 48
fe=(15)
-79 180
+1 60
273 240

fn=(518)
142 37
+3 37
-3 296
+3 37
cfn=(520)
calls=37 -69 
* 2828
+4 37
-2 37
-2 37
+4 37
-1 37
+1 148
+1 185
+1 37
-1 37
+1 37
+2 37
-2 37
+5 37
-5 37
+5 37
-4 37
-1 37
fi=(18) /home/antox/repos/isd/m4ri/m4ri/mmc.h
-76 37
fe=(15)
+77 37
fi=(18)
-76 37
fe=(15)
+76 74
fi=(18)
-76 37
cfi=(16)
cfn=(524)
calls=37 -32 
* 24216
* 37
fi=(13)
-5 148
cob=(3)
cfi=(3)
cfn=(340)
calls=37 -71 
* 80582
* 37
fe=(15)
+85 37
+2 148
+1 111
+1 37
-1 37
+2 3940
+5 333
+4 148
+1 74
-1 37
+1 37
fi=(18)
-95 74
cfi=(16)
cfn=(524)
calls=37 -32 
* 31848
* 37
fi=(13)
-5 148
cob=(3)
cfi=(3)
cfn=(340)
calls=37 -71 
* 1314067
* 37
fe=(15)
173 37
+1 37
-2 37
+1 148
+1 111
-4 74
+7 111
+1 666
-1 148
+1 132891
-1 48361
+9 333
fi=(18)
76 74
cfi=(16)
cfn=(524)
calls=37 -32 
* 11354
* 37
fi=(13)
-5 148
cob=(3)
cfi=(3)
cfn=(340)
calls=37 -71 
* 407
* 37
fe=(15)
+96 37
fi=(13)
-96 37
fe=(15)
+99 74
-1 111

fn=(628)
224 24
+3 24
-3 264
+3 24
cfn=(520)
calls=24 76 
* 1821
+2 24
+5 24
-7 24
+2 48
+5 24
-5 96
+1 24
+5 24
-5 24
+6 24
-3 24
-1 24
-3 24
+6 24
+12 24
-12 48
+1 24
+3 24
-4 48
+1 48
+3 24
-3 24
+3 96
+1 24
+2 24
-2 48
+3 24
-1 24
+4 24
-3 24
-1 24
+3 24
-2 24
+4 24
-1 24
+1 24
-2 24
+1 48
+3 24
-2 24
-1 24
+3 144
+1 48
fi=(19)
-7 72
fe=(15)
+12 48
+8 216
-12 48
fi=(18)
75 24
+1 48
cfi=(16)
cfn=(524)
calls=24 -32 
* 17760
* 24
fi=(13)
-5 48
fi=(18)
+5 24
fi=(13)
-5 24
cob=(3)
cfi=(3)
cfn=(340)
calls=24 -71 
* 22096
* 24
fe=(15)
251 24
fi=(13)
71 24
fe=(15)
254 36152

fn=(1074)
560 220
+5 40
+2 140
-1 40
+1 20
-1 20
-1 40
+5 5120
+1 40
-60 140
675 220
-9 20
-3 20
+6 20
-3 40
+1 40
+1 20
+1 20
-1 20
+1 20
-2 20
+1 20
+1 40
-4 60
+1 80
+1 80
+1 20
+2 20
-2 60
+1 20
-5 40
+1 900
+1 1200
+1 1200
+1 300
+2 300
-2 900
+1 300
-5 620

fn=(672)
2100 1
+4 1
-4 1
+1 1
-1 2
+4 3
-5 4
+9 1
-3 2
+3 2
-3 2
+1 1
+1 77
+1 2
+1 2
+2 1
+5 3

fn=(676)
1573 24
+1 16
+2 8
+3 6
+4 4
+1 4
-1 4
+2 8
+4 4
-2 4
-1 4
+3 20
-3 4
+1 4
+1 12
-2 1917
+1 1917
+1 224745
+1 13447
-4 9597
+8 28
-16 6
cfn=(518)
calls=3 142 
* 240408
* 3
* 9

fn=(838)
1505 4
+3 1
-3 1
+1 1
+2 2
+2 4
+1 7
-2 1
+1 4
-1 639
+1 26236
+1 640
-3 3198
+6 2
+5 2
+1 5
fi=(19)
585 9
fe=(15)
1520 4
fi=(19)
585 4473
fe=(15)
1520 2556
+3 4

fn=(1090)
1354 9
+1 2
+3 6
+4 2
+1 3
cfn=(860)
calls=1 -36 
* 8628
* 1
+1 3
-1 1
+1 2
cfn=(1098)
calls=1 +23 
* 528376
* 1
+1 2
cfn=(784)
calls=1 265 
* 163
* 1
+5 7

ob=(3)
fl=(3)
fn=(452) _mid_memalign
0 3827
cfn=(456) _int_memalign
calls=201 0 
0 116994
0 3813
cfn=(454) memalign_hook_ini
calls=1 0 
0 344
0 402

fn=(453) _mid_memalign'2
0 19
cfn=(456)
calls=1 0 
0 287
0 21

fn=(546) _IO_old_init
0 54

fn=(548) _IO_new_file_init_internal
0 10
cfn=(550) _IO_link_in
calls=2 0 
0 168
0 6

fn=(554) _IO_file_open
0 24
cfn=(556) open
calls=2 0 
0 67
0 30
cfn=(550)
calls=2 0 
0 36
0 10

fn=(558) __GI_strstr
0 34
cfn=(562) __strchr_avx2
calls=2 0 
0 46
0 2
0 32

fn=(572) __uflow
0 3030
cfn=(574) _IO_default_uflow
calls=101 0 
0 12556
0 404

fn=(872) fclose@@GLIBC_2.2.5
0 46
cfn=(888) _IO_file_finish@@GLIBC_2.2.5
calls=2 0 
0 54
0 26
cob=(2)
cfi=(2)
cfn=(886) 0x00000000048a3318
calls=2 0 
0 164
0 12
cfn=(874) _IO_un_link
calls=2 0 
0 184
0 44
cfn=(878) _IO_file_close_it@@GLIBC_2.2.5
calls=2 0 
0 496
0 24

fn=(876) __GI__IO_un_link.part.0
0 178

fn=(880) _IO_unsave_markers
0 10

fn=(988) sysconf
0 69
cfn=(996) getpagesize
calls=1 0 
0 5
0 3
cfn=(990) get_phys_pages
calls=1 0 
0 91
0 1

fn=(1012) __vfprintf_internal
0 46585
cfn=(1016) __strchrnul_avx2
calls=1294 0 
0 28438
0 1294
0 28468
cfn=(1018) _IO_file_xsputn@@GLIBC_2.2.5
calls=1294 0 
0 94366
0 76411
cfn=(1016)
calls=29 0 
0 626
0 29
0 435
cfn=(1018)
calls=29 0 
0 4569
0 454
cfn=(1018)
calls=1 0 
0 78
0 581
cfn=(1026) _itoa_word
calls=17 0 
0 677
0 741
cfn=(1018)
calls=17 0 
0 1323
0 902
cfn=(1034) __printf_fp
calls=11 0 
0 15462
0 719
cfn=(1050) __strlen_avx2
calls=1 0 
0 19
0 1
0 221
cfn=(1032) read_int
calls=11 0 
0 121
0 155

fn=(310) malloc_hook_ini
0 8
cfn=(312) ptmalloc_init.part.0
calls=1 0 
0 72446
0 3
cfn=(324) malloc
calls=1 0 
0 680

fn=(330) sysmalloc
0 1253
cfn=(332) __default_morecore
calls=9 0 
0 418
0 259
cfn=(332)
calls=1 0 
0 41
0 67
cfn=(482) mmap
calls=8 0 
0 152
0 16

fn=(332)
0 20
cfn=(334) sbrk
calls=10 0 
0 389
0 50

fn=(336) brk
0 110

fn=(342) __memset_avx2_erms
0 2546029

fn=(350) __libc_sigaction
0 124

fn=(382) __ctype_init
0 16

fn=(172) memmove
0 32

fn=(456)
0 3838
cfn=(328) _int_malloc
calls=202 0 
0 70779
0 7001
cfn=(458) _int_free
calls=177 0 
0 14067
0 5913
cfn=(458)
calls=173 0 
0 13739
0 1944

fn=(538) fopen@@GLIBC_2.2.5
0 4
cfn=(540) __fopen_internal
calls=2 0 
0 1015

fn=(874)
0 10
cfn=(876)
calls=2 0 
0 178
0 2

fn=(962) _IO_file_xsgetn
0 44
cfn=(968) __underflow
calls=1 0 
0 128
0 16
cfn=(578) _IO_doallocbuf
calls=1 0 
0 388
0 4
cfn=(600)
calls=1 0 
0 11
0 1
0 3

fn=(990)
0 6
cfn=(992) sysinfo
calls=1 0 
0 5
0 7
cfn=(994) sysinfo_mempages
calls=1 0 
0 73

fn=(992)
0 5

fn=(1038) __mpn_extract_double
0 209

fn=(1058) write
0 134

fn=(1118) __run_exit_handlers
0 94
cob=(1) /lib64/ld-2.31.so
cfi=(1) ???
cfn=(1122) _dl_fini
calls=1 0 
0 38297
0 27
cfn=(1266) _IO_cleanup
calls=1 0 
0 345
0 5
cfn=(1276) _Exit
calls=1 0 
0 5
0 1
cfn=(1120) __call_tls_dtors
calls=1 0 
0 11
0 1

fn=(1138) write_gmon
0 13
cfn=(1140) getenv
calls=1 0 
0 434
0 7
cfn=(1142) __open_nocancel
calls=1 0 
0 29
0 12
cfn=(1144) __write_nocancel
calls=1 0 
0 5
0 4
cfn=(1146) dl_iterate_phdr
calls=1 0 
0 82
0 24283
cfn=(884) __close_nocancel
calls=1 0 
0 5
0 28
cfn=(352) __profile_frequency
calls=1 0 
0 3
0 16

fn=(1276)
0 5

fn=(222) memrchr
0 9

fn=(308) calloc
0 21
cfn=(310)
calls=1 0 
0 73137
0 11
cfn=(340)
calls=1 0 
0 87182
0 1

fn=(374) _init
0 12
cfn=(376) __init_misc
calls=1 0 
0 52
0 3
cfn=(382)
calls=1 0 
0 16
0 6

fn=(380) __strrchr_avx2
0 27

fn=(182) rawmemchr
0 9

fn=(204) strncasecmp
0 5

fn=(206) strcpy
0 8

fn=(208) memcpy@@GLIBC_2.14
0 80

fn=(230) strspn
0 6

fn=(454)
0 17
cfn=(453)
calls=1 0 
0 327

fn=(474) malloc_consolidate
0 20358
cfn=(476) unlink_chunk.isra.0
calls=41 0 
0 813
0 1577
cfn=(476)
calls=133 0 
0 2582
0 266

fn=(478) __profil_counter
0 41570

fn=(590) _IO_file_read
0 510
cfn=(592) read
calls=102 0 
0 745

fn=(890) _IO_default_finish
0 30

fn=(966) tcgetattr
0 22

fn=(996)
0 10

fn=(1020) _IO_file_overflow@@GLIBC_2.2.5
0 2641
cfn=(1022) _IO_do_write@@GLIBC_2.2.5
calls=15 0 
0 1563
0 10
cfn=(1022)
calls=2 0 
0 223
0 6
cfn=(578)
calls=1 0 
0 170
0 6

fn=(1032)
0 121

fn=(1062) __mpn_cmp
0 55

fn=(1272) _IO_default_setbuf
0 18
cfn=(1274) _IO_file_sync@@GLIBC_2.2.5
calls=1 0 
0 17
0 32

fn=(1274)
0 17

fn=(184) wmemchr
0 18

fn=(190) bcmp
0 24

fn=(232) stpncpy
0 8

fn=(234) stpcpy
0 8

fn=(236) wmemcmp
0 12

fn=(320) malloc_init_state
0 647

fn=(344) __GI___moncontrol.part.0
0 6
cfn=(346) profil
calls=1 0 
0 209
0 3

fn=(218) index
0 8

fn=(220) strlen
0 27

fn=(544) _IO_no_init
0 20
cfn=(546)
calls=2 0 
0 54
0 46

fn=(556)
0 67

fn=(562)
0 46

fn=(580) _IO_file_doallocate
0 66
cfn=(582) _IO_file_stat
calls=3 0 
0 42
0 36
cob=(2)
cfi=(2)
cfn=(542) 0x00000000048a3308
calls=3 0 
0 643
0 21
cfn=(586) _IO_setb
calls=3 0 
0 81
0 53
cfn=(964) isatty
calls=1 0 
0 36
0 4

fn=(596) __memchr_avx2
0 76812

fn=(878)
0 30
cfn=(880)
calls=2 0 
0 10
0 24
cfn=(882) _IO_file_close
calls=2 0 
0 14
0 18
cfn=(586)
calls=2 0 
0 358
0 16
cfn=(874)
calls=2 0 
0 6
0 20

fn=(888)
0 24
cfn=(890)
calls=2 0 
0 30

fn=(968)
0 31
cfn=(576) _IO_file_underflow@@GLIBC_2.2.5
calls=1 0 
0 95
0 2

fn=(1024) _IO_default_xsputn
0 117
cfn=(1020)
calls=7 0 
0 231
0 82

fn=(1040) __mpn_lshift
0 165

fn=(1140)
0 28
cfn=(1050)
calls=1 0 
0 15
0 1
0 390

fn=(198) wcschr
0 18

fn=(324)
0 546
cfn=(328)
calls=18 0 
0 6094
0 340
cfn=(326) tcache_init.part.0
calls=1 0 
0 487
0 54

fn=(346)
0 107
cfn=(348) sigaction
calls=1 0 
0 81
0 4
cfn=(352)
calls=1 0 
0 3
0 12
cfn=(354) setitimer
calls=1 0 
0 5
0 24
cfn=(354)
calls=1 0 
0 5
0 7
cfn=(348)
calls=1 0 
0 57
0 1

fn=(348)
0 14
cfn=(350)
calls=2 0 
0 124

fn=(352)
0 6

fn=(360) __cxa_atexit
0 4
cfn=(362) __internal_atexit
calls=2 0 
0 144

fn=(384) check_stdfiles_vtables
0 11

fn=(386) init_cacheinfo
0 59
cfn=(388) handle_intel.constprop.0
calls=1 0 
0 458
0 3
cfn=(388)
calls=1 0 
0 496
0 3
cfn=(388)
calls=1 0 
0 521
0 180

fn=(458)
0 43807
cfn=(476)
calls=89 0 
0 1728
0 4043
cfn=(476)
calls=97 0 
0 1901
0 736
cfn=(474)
calls=12 0 
0 4771
0 132

fn=(506) __sigsetjmp
0 18
cfn=(508) __sigjmp_save
calls=1 0 
0 8

fn=(570) _IO_getline_info
0 18660
cfn=(596)
calls=745 0 
0 76812
0 745
0 2735
cfn=(600)
calls=100 0 
0 5121
0 100
0 4832
cfn=(572)
calls=101 0 
0 15990
0 10584
cfn=(600)
calls=645 0 
0 51087
0 645
0 7097

fn=(600)
0 173013605

fn=(896) clock_gettime@@GLIBC_2.17
0 220

fn=(986) qsort_r
0 360
cob=(2)
cfi=(2)
cfn=(542)
calls=10 0 
0 2223
0 220
cfn=(998) msort_with_tmp.part.0
calls=10 0 
0 1448884252
0 20
cob=(2)
cfi=(2)
cfn=(886)
calls=10 0 
0 1176
0 112
cfn=(988)
calls=1 0 
0 127
0 10
cfn=(988)
calls=1 0 
0 42
0 83

fn=(994)
0 6
cfn=(996)
calls=1 0 
0 5
0 62

fn=(1004) munmap
0 40

fn=(1010) printf
0 11899
cfn=(1012)
calls=11 0 
0 30582
0 19245
cfn=(1012)
calls=1283 0 
0 272093
0 6470

fn=(1016)
0 29064

fn=(1026)
0 677

fn=(1034)
0 66
cfn=(1036) __printf_fp_l
calls=11 0 
0 15396

fn=(1044) hack_digit
0 791
cfn=(1046) __mpn_mul_1
calls=15 0 
0 300
0 280
cfn=(1070) __mpn_divrem
calls=15 0 
0 667
0 519
cfn=(1046)
calls=44 0 
0 880
0 332

fn=(1070)
0 667

fn=(1114) putchar
0 30
cfn=(1052) __overflow
calls=1 0 
0 168
0 20

fn=(1116) exit
0 7
cfn=(1118)
calls=1 0 
0 38786

fn=(1144)
0 5

fn=(1150) __unregister_atfork
0 96

fn=(1270) _IO_file_setbuf@@GLIBC_2.2.5
0 3
cfn=(1272)
calls=1 0 
0 67
0 12

fn=(216) strpbrk
0 6

fn=(326)
0 13
cfn=(328)
calls=1 0 
0 373
0 101

fn=(334)
0 190
cfn=(336)
calls=2 0 
0 20
0 26
cfn=(336)
calls=9 0 
0 90
0 63

fn=(390) intel_check_word.isra.0
0 1298

fn=(200) strnlen
0 18

fn=(512) mcount
0 247470740
cfn=(514) __mcount_internal
calls=22497340 0 
0 310905940
0 202476060

fn=(552) _IO_file_fopen@@GLIBC_2.2.5
0 86
cfn=(554)
calls=2 0 
0 167
0 12
cfn=(558)
calls=2 0 
0 114
0 18

fn=(568) _IO_getline
0 1290
cfn=(570)
calls=645 0 
0 194408

fn=(576)
0 2752
cfn=(588) _IO_switch_to_get_mode
calls=102 0 
0 2448
0 1632
cfn=(590)
calls=102 0 
0 1255
0 1637
cfn=(578)
calls=1 0 
0 499
0 4

fn=(588)
0 2448

fn=(780)
0 4328
cfn=(458)
calls=212 0 
0 29312
0 68
cfn=(1002) munmap_chunk
calls=8 0 
0 304
0 18

fn=(894) clock
0 77
cfn=(896)
calls=11 0 
0 220
0 176

fn=(960) _IO_sgetn
0 14
cfn=(962)
calls=1 0 
0 595

fn=(1050)
0 214

fn=(1054) new_do_write
0 400
cfn=(1056) _IO_file_write@@GLIBC_2.2.5
calls=16 0 
0 710
0 496

fn=(1146)
0 15
cob=(1)
cfi=(1)
cfn=(38) rtld_lock_default_lock_recursive
calls=1 0 
0 2
0 36
cfn=(1148) callback
calls=1 0 
0 8
0 5
cob=(1)
cfi=(1)
cfn=(40) rtld_lock_default_unlock_recursive
calls=1 0 
0 2
0 14

fn=(228) wcslen
0 9

fn=(278) __memcpy_chk
0 16

fn=(376)
0 12
cfn=(380)
calls=1 0 
0 27
0 1
0 12

fn=(186) wcscmp
0 9

fn=(214) wcscpy
0 6

fn=(488) (below main)
0 22
cfn=(360)
calls=1 0 
0 76
0 11
cob=(5) /home/antox/repos/isd/main
cfi=(5) ???
cfn=(490) __libc_csu_init
calls=1 0 
0 55
0 8
cfn=(504) _setjmp
calls=1 0 
0 28
0 14
cob=(5)
cfi=(5)
cfn=(510) main
calls=1 0 
0 2577619173
0 2
cfn=(1116)
calls=1 0 
0 38793

fn=(566) fgets
0 25800
cfn=(568)
calls=645 0 
0 195698
0 19995

fn=(574)
0 1414
cfn=(576)
calls=101 0 
0 10132
0 1010

fn=(582)
0 12
cfn=(584) _fxstat
calls=3 0 
0 30

fn=(998)
0 220
cfn=(999) msort_with_tmp.part.0'2
calls=10 0 
0 676713078
0 70
cfn=(999)
calls=10 0 
0 676726951
0 190
cob=(5)
cfi=(5)
cfn=(1000) compare_lc
calls=10 0 
0 440
0 7145425
cob=(5)
cfi=(5)
cfn=(1000)
calls=1020775 0 
0 44914100
0 24498824
cfn=(600)
calls=2 0 
0 22
0 2
0 140
cfn=(600)
calls=10 0 
0 16332800
0 10
0 2551980

fn=(999)
0 21146440
cfn=(999)
calls=365420 0 
0 4621440392
0 5318260
cfn=(999)
calls=655340 0 
0 4704853983
0 14593080
cob=(5)
cfi=(5)
cfn=(1000)
calls=365440 0 
0 16079360
0 5898060
cob=(5)
cfi=(5)
cfn=(1000)
calls=655340 0 
0 28834960
0 95763675
cob=(5)
cfi=(5)
cfn=(1000)
calls=13680525 0 
0 601943100
0 355266905
cfn=(600)
calls=455235 0 
0 4645318
0 455235
0 14290920
cfn=(600)
calls=1020780 0 
0 151905711
0 1020780
0 36278225

fn=(1022)
0 84
cfn=(1054)
calls=16 0 
0 1606
0 96

fn=(1042) __libc_alloca_cutoff
0 110

fn=(1066) __mpn_mul
0 72
cfn=(1046)
calls=2 0 
0 64
0 12

fn=(188) mempcpy
0 16

fn=(304) monstartup
0 30
cfn=(308)
calls=1 0 
0 160352
0 1
0 32
cfn=(344)
calls=1 0 
0 218
0 12

fn=(312)
0 13
cfn=(320)
calls=1 0 
0 647
0 4
cob=(1)
cfi=(1)
cfn=(14) __tunable_get_val
calls=1 0 
0 18
0 1
0 4
cob=(1)
cfi=(1)
cfn=(14)
calls=1 0 
0 19
0 1
0 4
cob=(1)
cfi=(1)
cfn=(14)
calls=1 0 
0 18
0 1
0 4
cob=(1)
cfi=(1)
cfn=(14)
calls=1 0 
0 19
0 1
0 4
cob=(1)
cfi=(1)
cfn=(14)
calls=1 0 
0 19
0 1
0 4
cob=(1)
cfi=(1)
cfn=(14)
calls=1 0 
0 18
0 1
0 4
cob=(1)
cfi=(1)
cfn=(14)
calls=1 0 
0 19
0 1
0 4
cob=(1)
cfi=(1)
cfn=(14)
calls=1 0 
0 19
0 1
0 4
cob=(1)
cfi=(1)
cfn=(14)
calls=1 0 
0 19
0 1
0 4
cob=(1)
cfi=(1)
cfn=(14)
calls=1 0 
0 19
0 1
0 4
cob=(1)
cfi=(1)
cfn=(14)
calls=1 0 
0 19
0 1
0 4
cob=(1)
cfi=(1)
cfn=(14)
calls=1 0 
0 19
0 1
0 16
cfn=(314) _dl_addr
calls=1 0 
0 71479
0 6

fn=(328)
0 12358
cfn=(474)
calls=89 0 
0 20825
0 36269
cfn=(476)
calls=45 0 
0 1148
0 1549
cfn=(330)
calls=17 0 
0 2206
0 2775
cfn=(476)
calls=1 0 
0 21
0 4
cfn=(476)
calls=1 0 
0 31
0 60

fn=(210) wcsnlen
0 8

fn=(212) wmemset
0 32

fn=(224) strcasecmp_l
0 5

fn=(226) memchr
0 18

fn=(476)
0 8224

fn=(482)
0 152

fn=(504)
0 2
cfn=(506)
calls=1 0 
0 26

fn=(508)
0 8

fn=(550)
0 204

fn=(586)
0 141
cob=(2)
cfi=(2)
cfn=(886)
calls=2 0 
0 294
0 4

fn=(592)
0 745

fn=(958) fread
0 34
cfn=(960)
calls=1 0 
0 609
0 26

fn=(964)
0 6
cfn=(966)
calls=1 0 
0 22
0 8

fn=(984) qsort
0 20
cfn=(986)
calls=10 0 
0 1448888625

fn=(1002)
0 248
cfn=(1004)
calls=8 0 
0 40
0 16

fn=(1018)
0 32199
cfn=(1030) __mempcpy_avx_unaligned_erms
calls=1340 0 
0 22746
0 1340
0 28308
cfn=(1020)
calls=15 0 
0 2105
0 248
cfn=(1024)
calls=2 0 
0 430
0 13127

fn=(1036)
0 1465
cfn=(600)
calls=3 0 
0 30
0 3
0 431
cfn=(1066)
calls=2 0 
0 148
0 18
cfn=(600)
calls=2 0 
0 20
0 2
0 352
cfn=(1042)
calls=11 0 
0 110
0 386
cfn=(1044)
calls=10 0 
0 596
0 15
cfn=(1044)
calls=5 0 
0 590
0 405
cfn=(1044)
calls=33 0 
0 1934
0 319
cfn=(1038)
calls=11 0 
0 209
0 160
cfn=(1044)
calls=11 0 
0 649
0 723
cfn=(1050)
calls=11 0 
0 165
0 11
0 1018
cfn=(1030)
calls=11 0 
0 187
0 11
0 407
cfn=(1040)
calls=7 0 
0 105
0 71
cfn=(1062)
calls=5 0 
0 55
0 283
cfn=(1040)
calls=1 0 
0 15
0 966
cfn=(1052)
calls=60 0 
0 3000
0 175
cfn=(1040)
calls=3 0 
0 45
0 91
cfn=(1046)
calls=1 0 
0 32
0 78
cfn=(1068) __mpn_rshift
calls=2 0 
0 34
0 16
cfn=(1068)
calls=2 0 
0 34
0 14
cfn=(1068)
calls=1 0 
0 17
0 1

fn=(1046)
0 1276

fn=(1068)
0 85

fn=(1120)
0 11

fn=(1134) _mcleanup
0 3
cfn=(1136) moncontrol
calls=1 0 
0 110
0 3
cfn=(1138)
calls=1 0 
0 24921
0 3
cob=(2)
cfi=(2)
cfn=(886)
calls=1 0 
0 517

fn=(1136)
0 10
cfn=(346)
calls=1 0 
0 97
0 3

fn=(1142)
0 29

fn=(1268) _IO_flush_all_lockp
0 113

fn=(174) strncpy
0 8

fn=(176) strcasecmp
0 5

fn=(178) strcat
0 8

fn=(180) rindex
0 9

fn=(192) strncmp
0 8

fn=(194) strcmp
0 8

fn=(196) memset
0 72

fn=(202) strcspn
0 6

fn=(238) strchrnul
0 9

fn=(280) time
0 6

fn=(340)
0 1756
cfn=(342)
calls=65 0 
0 2546029
0 3988

fn=(364) __new_exitfn
0 66

fn=(388)
0 111
cfn=(390)
calls=3 0 
0 987
0 27
cfn=(390)
calls=3 0 
0 311
0 39

fn=(240) strncasecmp_l
0 5

fn=(450)
0 3232
cfn=(452)
calls=202 0 
0 125380
0 1616

fn=(514)
0 310905940

fn=(540)
0 20
cob=(2)
cfi=(2)
cfn=(542)
calls=2 0 
0 230
0 24
cfn=(544)
calls=2 0 
0 120
0 8
cfn=(548)
calls=2 0 
0 184
0 10
cfn=(552)
calls=2 0 
0 397
0 22

fn=(578)
0 57
cfn=(580)
calls=3 0 
0 982
0 18

fn=(584)
0 30

fn=(882)
0 4
cfn=(884)
calls=2 0 
0 10

fn=(884)
0 15

fn=(1030)
0 22933

fn=(1052)
0 1054
cfn=(1020)
calls=62 0 
0 2283

fn=(1056)
0 208
cfn=(1058)
calls=16 0 
0 134
0 368

fn=(1104) puts
0 7
cfn=(1050)
calls=1 0 
0 15
0 1
0 35
cfn=(1018)
calls=1 0 
0 167
0 31
cfn=(1052)
calls=1 0 
0 169
0 2

fn=(1132) __cxa_finalize
0 198
cfn=(1134)
calls=1 0 
0 25557
0 137
cfn=(1150)
calls=6 0 
0 96
0 72

fn=(1148)
0 8

fn=(1266)
0 12
cfn=(1268)
calls=1 0 
0 113
0 79
cfn=(1270)
calls=1 0 
0 82
0 59

fn=(314)
0 15
cob=(1)
cfi=(1)
cfn=(38)
calls=1 0 
0 2
0 2
cob=(1)
cfi=(1)
cfn=(318) _dl_find_dso_for_object
calls=1 0 
0 50
0 1
0 69387
cob=(1)
cfi=(1)
cfn=(40)
calls=1 0 
0 2
0 2020

fn=(354)
0 10

fn=(362)
0 38
cfn=(364)
calls=2 0 
0 66
0 40

ob=(1)
fl=(1)
fn=(40)
0 20

fn=(100) _dl_name_match_p
0 889
cfn=(42) strcmp
calls=127 0 
0 3298
0 1690
cfn=(42)
calls=143 0 
0 4155
0 921

fn=(110) _fxstat
0 70

fn=(140) _dl_next_tls_modid
0 6

fn=(156) init_tls
0 9
cfn=(28) calloc
calls=1 0 
0 33
0 1
0 68
cfn=(158) _dl_determine_tlsoffset
calls=1 0 
0 67
0 1
cfn=(160) _dl_allocate_tls_storage
calls=1 0 
0 401
0 16

fn=(6) _dl_sysdep_start
0 485
cfn=(8) __GI___tunables_init
calls=1 0 
0 28129
0 2
cfn=(10) brk
calls=1 0 
0 9
0 27
cfn=(14)
calls=1 0 
0 17
0 4
cfn=(14)
calls=1 0 
0 19
0 6
cfn=(14)
calls=1 0 
0 19
0 6
cfn=(14)
calls=1 0 
0 19
0 6
cfn=(16) strlen
calls=1 0 
0 16
0 3
cfn=(18) sbrk
calls=1 0 
0 17
0 11
cfn=(20) dl_main
calls=1 0 
0 443190
0 35
cfn=(12) get_common_indices.constprop.0
calls=1 0 
0 97
0 64

fn=(22) _dl_next_ld_env_entry
0 424

fn=(28)
0 128
cfn=(32) malloc
calls=16 0 
0 467
0 16

fn=(96) map_doit
0 11
cfn=(98) _dl_map_object
calls=1 0 
0 2327
0 3

fn=(148) _dl_receive_error
0 10
cfn=(150) version_check_doit
calls=1 0 
0 14071
0 6

fn=(162) allocate_dtv
0 9
cfn=(28)
calls=1 0 
0 33
0 1
0 10

fn=(292) _dl_init
0 84
cfn=(294) call_init.part.0
calls=7 0 
0 24664796
0 35
cfn=(294)
calls=1 0 
0 160804
0 2

fn=(10)
0 9

fn=(20)
0 35
cfn=(22)
calls=1 0 
0 418
0 2
cfn=(22)
calls=1 0 
0 6
0 81
cfn=(24) _dl_new_object
calls=1 0 
0 291
0 12
cfn=(36) _dl_add_to_namespace_list
calls=1 0 
0 32
0 166
cfn=(42)
calls=1 0 
0 47
0 330
cfn=(4) _dl_setup_hash
calls=1 0 
0 23
0 115
cfn=(44) _dl_discover_osversion
calls=1 0 
0 94
0 10
cfn=(48) _dl_init_paths
calls=1 0 
0 1524
0 3
cfn=(72) _dl_debug_initialize
calls=1 0 
0 17
0 44
cfn=(74) _dl_count_modids
calls=1 0 
0 5
0 12
cfn=(76) _dl_debug_state
calls=1 0 
0 1
0 14
cfn=(118) access
calls=1 0 
0 8
0 18
cfn=(120) _dl_map_object_deps
calls=1 0 
0 32407
0 170
cfn=(148)
calls=1 0 
0 14087
0 28
cfn=(282) _dl_allocate_tls_init
calls=1 0 
0 129
0 176
cfn=(164) _dl_relocate_object
calls=7 0 
0 382748
0 21
cfn=(244) _dl_add_to_slotinfo
calls=1 0 
0 27
0 31
cfn=(164)
calls=1 0 
0 6590
0 6
cfn=(284) _dl_sysdep_start_cleanup
calls=1 0 
0 1
0 6
cfn=(72)
calls=1 0 
0 8
0 2
cfn=(76)
calls=1 0 
0 1
0 1
cfn=(286) _dl_unload_cache
calls=1 0 
0 15
0 39
cfn=(78) handle_preload_list
calls=1 0 
0 2754
0 8
cfn=(156)
calls=1 0 
0 596
0 31

fn=(50) _dl_important_hwcaps
0 19
cfn=(14)
calls=1 0 
0 19
0 71
cfn=(16)
calls=1 0 
0 16
0 86
cfn=(32)
calls=1 0 
0 24
0 1
0 36
cfn=(52) mempcpy
calls=1 0 
0 16
0 4
cfn=(52)
calls=1 0 
0 16
0 29
cfn=(52)
calls=1 0 
0 14
0 10
cfn=(52)
calls=2 0 
0 28
0 344

fn=(92) _dl_catch_exception
0 252
cfn=(94) __sigsetjmp
calls=14 0 
0 266
0 84
cfn=(122) openaux
calls=13 0 
0 26957
cfn=(96)
calls=1 0 
0 2341
0 140

fn=(122)
0 182
cfn=(98)
calls=13 0 
0 26736
0 39

fn=(124) open_path
0 110
cfn=(52)
calls=2 0 
0 32
0 194
cfn=(52)
calls=16 0 
0 202
0 64
cfn=(52)
calls=16 0 
0 192
0 192
cfn=(102) open_verify.constprop.0
calls=16 0 
0 984
0 70
cfn=(32)
calls=1 0 
0 24
0 1
0 10
cfn=(34) memcpy
calls=1 0 
0 10
0 169

fn=(134) _dl_sysdep_read_whole_file
0 11
cfn=(104) __open_nocancel
calls=1 0 
0 18
0 14
cfn=(110)
calls=1 0 
0 10
0 8
cfn=(116) __GI___close_nocancel
calls=1 0 
0 5
0 7
cfn=(112) mmap
calls=1 0 
0 19
0 2

fn=(46) uname
0 5

fn=(152) _dl_check_all_versions
0 60
cfn=(154) _dl_check_map_versions
calls=8 0 
0 13938
0 63

fn=(168) do_lookup_x
0 150021
cfn=(170) check_match
calls=524 0 
0 49680
0 10619

fn=(242) _dl_protect_relro
0 144
cfn=(138) mprotect
calls=8 0 
0 40
0 16

fn=(244)
0 27

fn=(60) strsep
0 37

fn=(98)
0 1184
cfn=(100)
calls=66 0 
0 5839
0 653
cfn=(42)
calls=33 0 
0 1332
0 282
cfn=(66) index
calls=6 0 
0 162
0 17
cfn=(62) expand_dynamic_string_token
calls=1 0 
0 176
0 11
cfn=(102)
calls=1 0 
0 189
0 21
cfn=(108) _dl_map_object_from_fd
calls=1 0 
0 1557
0 70
cfn=(108)
calls=5 0 
0 8954
0 28
cfn=(16)
calls=5 0 
0 98
0 94
cfn=(124)
calls=2 0 
0 2254
0 135
cfn=(144) cache_rpath.part.0
calls=1 0 
0 10
0 42
cfn=(132) _dl_load_cache_lookup
calls=4 0 
0 4988
0 60
cfn=(102)
calls=4 0 
0 808
0 86
cfn=(144)
calls=1 0 
0 10
0 3

fn=(106) __read_nocancel
0 30

fn=(166) _dl_lookup_symbol_x
0 88058
cfn=(168)
calls=534 0 
0 210320
0 18500

fn=(24)
0 129
cfn=(16)
calls=6 0 
0 132
0 54
cfn=(28)
calls=6 0 
0 236
0 6
0 4
cfn=(28)
calls=1 0 
0 40
0 1
0 105
cfn=(34)
calls=7 0 
0 81
0 500
cfn=(16)
calls=6 0 
0 204
0 53
cfn=(128) realloc
calls=1 0 
0 36
0 1
0 7
cfn=(130) getcwd
calls=1 0 
0 26
0 61
cfn=(52)
calls=1 0 
0 12
0 15
cfn=(52)
calls=5 0 
0 68
0 572
cfn=(32)
calls=5 0 
0 120
0 5
0 36

fn=(32)
0 1052
cfn=(112)
calls=2 0 
0 38
0 25

fn=(36)
0 56
cfn=(38)
calls=7 0 
0 14
0 240
cfn=(40)
calls=6 0 
0 12
0 12
cfn=(40)
calls=1 0 
0 2
0 2

fn=(44)
0 14
cfn=(46)
calls=1 0 
0 5
0 75

fn=(72)
0 73

fn=(88) _dl_catch_error
0 11
cfn=(92)
calls=1 0 
0 2394
0 1
0 11

fn=(158)
0 67

fn=(0) 0x0000000000001090
0 2
cfn=(2) _dl_start
calls=1 0 
0 473279
0 14
cfn=(292)
calls=1 0 
0 24825721
0 3
cob=(5)
cfi=(5)
cfn=(486) _start
calls=1 0 
0 2577658193

fn=(42)
0 31519

fn=(74)
0 5

fn=(136) _dl_cache_libcmp
0 2641
cfn=(137) _dl_cache_libcmp'2
calls=5 0 
0 127
0 66

fn=(137)
0 127
cfn=(137)
calls=1 0 
0 6

fn=(138)
0 50

fn=(4)
0 184

fn=(52)
0 608

fn=(70) free
0 32

fn=(76)
0 2

fn=(102)
0 399
cfn=(104)
calls=21 0 
0 423
0 129
cfn=(106)
calls=6 0 
0 30
0 120
cob=(2)
cfi=(2)
cfn=(68) 0x0000000004001080
calls=6 0 
0 30
0 850

fn=(120)
0 213
cfn=(32)
calls=6 0 
0 144
0 6
0 54
cfn=(34)
calls=6 0 
0 68
0 30
cfn=(34)
calls=6 0 
0 68
0 275
cfn=(64) _dl_dst_count
calls=6 0 
0 288
0 28
cfn=(64)
calls=7 0 
0 304
0 104
cfn=(92)
calls=13 0 
0 27646
0 13
0 1760
cfn=(32)
calls=1 0 
0 24
0 1
0 116
cfn=(34)
calls=1 0 
0 26
0 5
cfn=(146) _dl_sort_maps
calls=1 0 
0 988
0 96
cfn=(142) __libc_scratch_buffer_set_array_size
calls=6 0 
0 102
0 48

fn=(132)
0 109
cfn=(42)
calls=4 0 
0 260
0 32
cfn=(14)
calls=4 0 
0 76
0 508
cfn=(136)
calls=33 0 
0 2410
0 178
cfn=(136)
calls=5 0 
0 424
0 219
cfn=(16)
calls=4 0 
0 136
0 68
cfn=(34)
calls=4 0 
0 40
0 8
cfn=(56) strdup
calls=4 0 
0 344
0 44
cfn=(134)
calls=1 0 
0 94
0 38

fn=(294)
0 197
cob=(2)
cfi=(2)
cfn=(428) 0x0000000004838000
calls=1 0 
0 11
cob=(2)
cfi=(2)
cfn=(416) 0x0000000004a45000
calls=1 0 
0 11
cob=(2)
cfi=(2)
cfn=(404) 0x0000000004a7b000
calls=1 0 
0 11
cob=(2)
cfi=(2)
cfn=(392) 0x0000000004a9f000
calls=1 0 
0 11
cob=(3)
cfi=(3)
cfn=(374)
calls=1 0 
0 89
cob=(2)
cfi=(2)
cfn=(296) 0x000000000482e000
calls=1 0 
0 160740
0 102
cob=(9)
cfi=(9)
cfn=(434)
calls=1 0 
0 11
cob=(8) /usr/lib64/libpng16.so.16.37.0
cfi=(8) ???
cfn=(422) 0x0000000000006a10
calls=1 0 
0 11
cob=(7) /lib64/libz.so.1.2.11
cfi=(7) ???
cfn=(410) 0x00000000000033c0
calls=1 0 
0 11
cob=(4)
cfi=(4)
cfn=(398)
calls=1 0 
0 11
cob=(3)
cfi=(3)
cfn=(384)
calls=1 0 
0 11
cob=(6)
cfi=(6)
cfn=(368)
calls=1 0 
0 11
0 8
cob=(9)
cfi=(10)
cfn=(440)
calls=1 79 
0 24662556
cob=(3)
cfi=(3)
cfn=(386)
calls=1 0 
0 1720
0 78

fn=(84) do_preload
0 17
cfn=(88)
calls=1 0 
0 2417
0 1
0 11

fn=(94)
0 266

fn=(18)
0 17

fn=(56)
0 35
cfn=(16)
calls=7 0 
0 202
0 21
cfn=(32)
calls=7 0 
0 168
0 7
0 63
cfn=(34)
calls=7 0 
0 86

fn=(58) fillin_rpath
0 20
cfn=(60)
calls=1 0 
0 29
0 3
cfn=(60)
calls=1 0 
0 8
0 11
cfn=(62)
calls=1 0 
0 130
0 5
cfn=(16)
calls=1 0 
0 16
0 24
cob=(2)
cfi=(2)
cfn=(68)
calls=1 0 
0 5
0 5
cfn=(16)
calls=1 0 
0 16
0 10
cfn=(32)
calls=1 0 
0 24
0 1
0 9
cfn=(52)
calls=1 0 
0 16
0 56
cfn=(34)
calls=1 0 
0 13
0 21

fn=(64)
0 120
cfn=(66)
calls=15 0 
0 441
0 135

fn=(80) strcspn
0 223

fn=(164)
0 33722
cfn=(166)
calls=528 0 
0 313095
0 13282
cob=(4)
cfi=(4)
cfn=(276)
calls=1 0 
0 8
cob=(4)
cfi=(4)
cfn=(274)
calls=1 0 
0 8
cob=(4)
cfi=(4)
cfn=(272)
calls=1 0 
0 8
cob=(4)
cfi=(4)
cfn=(270)
calls=1 0 
0 8
cob=(4)
cfi=(4)
cfn=(268)
calls=1 0 
0 8
cob=(4)
cfi=(4)
cfn=(266)
calls=1 0 
0 8
cob=(4)
cfi=(4)
cfn=(264)
calls=1 0 
0 8
cob=(4)
cfi=(4)
cfn=(262)
calls=1 0 
0 8
cob=(4)
cfi=(4)
cfn=(260)
calls=1 0 
0 8
cob=(4)
cfi=(4)
cfn=(258)
calls=1 0 
0 8
cob=(4)
cfi=(4)
cfn=(256)
calls=1 0 
0 8
cob=(4)
cfi=(4)
cfn=(254)
calls=1 0 
0 8
cob=(4)
cfi=(4)
cfn=(252)
calls=1 0 
0 8
cob=(4)
cfi=(4)
cfn=(250)
calls=1 0 
0 8
cob=(4)
cfi=(4)
cfn=(248)
calls=1 0 
0 8
cob=(4)
cfi=(4)
cfn=(246)
calls=1 0 
0 8
cob=(3)
cfi=(3)
cfn=(240)
calls=1 0 
0 5
cob=(3)
cfi=(3)
cfn=(238)
calls=1 0 
0 9
cob=(3)
cfi=(3)
cfn=(236)
calls=1 0 
0 12
cob=(3)
cfi=(3)
cfn=(234)
calls=1 0 
0 8
cob=(3)
cfi=(3)
cfn=(232)
calls=1 0 
0 8
cob=(3)
cfi=(3)
cfn=(230)
calls=1 0 
0 6
cob=(3)
cfi=(3)
cfn=(228)
calls=1 0 
0 9
cob=(3)
cfi=(3)
cfn=(226)
calls=1 0 
0 9
cob=(3)
cfi=(3)
cfn=(224)
calls=1 0 
0 5
cob=(3)
cfi=(3)
cfn=(222)
calls=1 0 
0 9
cob=(3)
cfi=(3)
cfn=(220)
calls=1 0 
0 9
cob=(3)
cfi=(3)
cfn=(218)
calls=1 0 
0 8
cob=(3)
cfi=(3)
cfn=(216)
calls=1 0 
0 6
cob=(3)
cfi=(3)
cfn=(214)
calls=1 0 
0 6
cob=(3)
cfi=(3)
cfn=(212)
calls=2 0 
0 32
cob=(3)
cfi=(3)
cfn=(210)
calls=1 0 
0 8
cob=(3)
cfi=(3)
cfn=(208)
calls=1 0 
0 16
cob=(3)
cfi=(3)
cfn=(206)
calls=1 0 
0 8
cob=(3)
cfi=(3)
cfn=(204)
calls=1 0 
0 5
cob=(3)
cfi=(3)
cfn=(202)
calls=1 0 
0 6
cob=(3)
cfi=(3)
cfn=(200)
calls=2 0 
0 18
cob=(3)
cfi=(3)
cfn=(198)
calls=2 0 
0 18
cob=(3)
cfi=(3)
cfn=(196)
calls=1 0 
0 18
cob=(3)
cfi=(3)
cfn=(194)
calls=1 0 
0 8
cob=(3)
cfi=(3)
cfn=(192)
calls=1 0 
0 8
cob=(3)
cfi=(3)
cfn=(190)
calls=1 0 
0 12
cob=(3)
cfi=(3)
cfn=(188)
calls=1 0 
0 16
cob=(3)
cfi=(3)
cfn=(186)
calls=1 0 
0 9
cob=(3)
cfi=(3)
cfn=(184)
calls=2 0 
0 18
cob=(3)
cfi=(3)
cfn=(182)
calls=1 0 
0 9
cob=(3)
cfi=(3)
cfn=(180)
calls=1 0 
0 9
cob=(3)
cfi=(3)
cfn=(178)
calls=1 0 
0 8
cob=(3)
cfi=(3)
cfn=(176)
calls=1 0 
0 5
cob=(3)
cfi=(3)
cfn=(174)
calls=1 0 
0 8
cob=(3)
cfi=(3)
cfn=(172)
calls=2 0 
0 32
0 480
cfn=(34)
calls=2 0 
0 20
0 16666
cfn=(166)
calls=6 0 
0 3783
0 3038
cob=(3)
cfi=(3)
cfn=(280)
calls=1 0 
0 6
cob=(3)
cfi=(3)
cfn=(278)
calls=1 0 
0 16
cob=(3)
cfi=(3)
cfn=(190)
calls=1 0 
0 12
cob=(3)
cfi=(3)
cfn=(208)
calls=4 0 
0 64
cob=(3)
cfi=(3)
cfn=(226)
calls=1 0 
0 9
cob=(3)
cfi=(3)
cfn=(196)
calls=3 0 
0 54
cob=(3)
cfi=(3)
cfn=(220)
calls=2 0 
0 18
0 4122
cfn=(242)
calls=8 0 
0 200
0 243

fn=(286)
0 7
cfn=(288) munmap
calls=1 0 
0 5
0 3

fn=(2)
0 263
cfn=(4)
calls=1 0 
0 23
0 12
cfn=(6)
calls=1 0 
0 472181
0 800

fn=(34)
0 474

fn=(54) decompose_rpath.isra.0
0 19
cfn=(56)
calls=1 0 
0 72
0 19
cfn=(32)
calls=1 0 
0 24
0 1
0 10
cfn=(58)
calls=1 0 
0 422
0 2
cob=(2)
cfi=(2)
cfn=(68)
calls=1 0 
0 5
0 14

fn=(108)
0 102
cfn=(72)
calls=6 0 
0 48
0 150
cfn=(24)
calls=6 0 
0 2213
0 1115
cfn=(112)
calls=6 0 
0 114
0 88
cfn=(138)
calls=2 0 
0 10
0 354
cfn=(114) memset
calls=6 0 
0 818
0 420
cfn=(112)
calls=18 0 
0 306
0 78
cfn=(110)
calls=6 0 
0 60
0 3772
cfn=(116)
calls=1 0 
0 5
0 10
cfn=(116)
calls=5 0 
0 25
0 72
cfn=(4)
calls=6 0 
0 138
0 90
cfn=(140)
calls=1 0 
0 6
0 4
cfn=(36)
calls=1 0 
0 49
0 15
cfn=(36)
calls=5 0 
0 257
0 154
cfn=(112)
calls=2 0 
0 34
0 4

fn=(114)
0 1049

fn=(142)
0 102

fn=(284)
0 1

fn=(104)
0 441

fn=(116)
0 35

fn=(130)
0 26

fn=(38)
0 20

fn=(150)
0 6
cfn=(152)
calls=1 0 
0 14061
0 4

fn=(12)
0 97

fn=(48)
0 12
cfn=(50)
calls=1 0 
0 733
0 3
cfn=(32)
calls=1 0 
0 24
0 1
0 14
cfn=(32)
calls=1 0 
0 24
0 1
0 112
cfn=(54)
calls=1 0 
0 588
0 12

fn=(154)
0 677
cfn=(100)
calls=61 0 
0 5114
0 3701
cfn=(42)
calls=31 0 
0 1231
0 890
cfn=(28)
calls=7 0 
0 269
0 7
0 2049

fn=(62)
0 18
cfn=(64)
calls=2 0 
0 104
0 18
cfn=(56)
calls=2 0 
0 166

fn=(66)
0 603

fn=(78)
0 23
cfn=(80)
calls=1 0 
0 223
0 7
cfn=(82) dso_name_valid_for_suid
calls=1 0 
0 11
0 8
cfn=(84)
calls=1 0 
0 2446
0 6
cfn=(34)
calls=1 0 
0 18
0 12

fn=(112)
0 511

fn=(118)
0 8

fn=(282)
0 58
cfn=(52)
calls=1 0 
0 12
0 5
cfn=(114)
calls=1 0 
0 33
0 21

fn=(16)
0 836

fn=(144)
0 20

fn=(160)
0 8
cfn=(32)
calls=1 0 
0 24
0 1
0 308
cfn=(162)
calls=1 0 
0 53
0 7

fn=(170)
0 14856
cfn=(42)
calls=195 0 
0 8335
0 12884
cfn=(42)
calls=354 0 
0 12861
0 744

fn=(288)
0 5

fn=(8)
0 28129

fn=(128)
0 11
cfn=(32)
calls=1 0 
0 24
0 1

fn=(1122)
0 23
cfn=(38)
calls=1 0 
0 2
0 138
cfn=(146)
calls=1 0 
0 1086
0 2
cfn=(40)
calls=1 0 
0 2
0 168
cob=(4)
cfi=(4)
cfn=(1248)
calls=1 0 
0 98
cob=(7)
cfi=(7)
cfn=(1230) 0x0000000000003380
calls=1 0 
0 98
cob=(8)
cfi=(8)
cfn=(1212) 0x00000000000069d0
calls=1 0 
0 98
cob=(9)
cfi=(10)
cfn=(1180)
calls=1 86 
0 10514
cob=(6)
cfi=(6)
cfn=(1162)
calls=1 0 
0 98
cob=(5)
cfi=(5)
cfn=(1124) 0x0000000000001360
calls=1 0 
0 25678
0 1
cob=(9)
cfi=(9)
cfn=(1194)
calls=1 0 
0 98
0 64
cob=(2)
cfi=(2)
cfn=(1264) 0x0000000004b39e98
calls=1 0 
0 3
cob=(2)
cfi=(2)
cfn=(1246) 0x0000000004a884f8
calls=1 0 
0 3
cob=(2)
cfi=(2)
cfn=(1228) 0x0000000004a696c8
calls=1 0 
0 3
cob=(2)
cfi=(2)
cfn=(1210) 0x0000000004860c1c
calls=1 0 
0 3
cob=(2)
cfi=(2)
cfn=(1178) 0x000000000482e278
calls=1 0 
0 3
cob=(2)
cfi=(2)
cfn=(1160) 0x0000000000115860
calls=1 0 
0 3
0 111

fn=(14)
0 394

fn=(82)
0 11

fn=(146)
0 78
cfn=(114)
calls=2 0 
0 26
0 1492
cfn=(34)
calls=2 0 
0 20
0 104
cfn=(114)
calls=12 0 
0 172
0 48
cfn=(34)
calls=2 0 
0 24
0 110

fn=(318)
0 50

ob=(5)
fl=(5)
fn=(510)
0 5
cob=(3)
cfi=(3)
cfn=(512)
calls=1 0 
0 29
0 8
cob=(9)
cfi=(15)
cfn=(518)
calls=1 142 
0 119629
0 1
0 7
cob=(9)
cfi=(15)
cfn=(518)
calls=1 142 
0 119094
0 1
0 6
cfn=(534) load_challenge
calls=1 0 
0 88898512
0 3
cob=(3)
cfi=(3)
cfn=(894)
calls=1 0 
0 43
0 1
0 7
cfn=(898) isd_stern_canteaut_chabaud_p2_sort
calls=1 0 
0 2487403253
0 4
cob=(3)
cfi=(3)
cfn=(894)
calls=1 0 
0 43
0 1
0 11
cob=(9)
cfi=(15)
cfn=(860)
calls=1 1327 
0 65195
0 1
0 6
cob=(9)
cfi=(32)
cfn=(1078)
calls=1 345 
0 563608
0 1
0 3
cob=(3)
cfi=(3)
cfn=(1104)
calls=1 0 
0 427
0 1
0 13
cfn=(1064) mzd_first_row
calls=1 0 
0 75
0 3
cfn=(912) popcnt
calls=1 0 
0 1861
0 4
cob=(3)
cfi=(3)
cfn=(1010)
calls=1 0 
0 864
0 1
0 3
cob=(9)
cfi=(15)
cfn=(1108)
calls=1 1909 
0 8337
0 1
0 8
cob=(3)
cfi=(3)
cfn=(1010)
calls=1 0 
0 762
0 1
0 5
cob=(3)
cfi=(3)
cfn=(1010)
calls=1 0 
0 2752
0 1
0 9
cob=(3)
cfi=(3)
cfn=(1010)
calls=1 0 
0 2026
0 1
0 3
cfn=(1110) print_cw
calls=1 0 
0 429826
0 3
cob=(9)
cfi=(15)
cfn=(784)
calls=1 265 
0 243
0 1
0 3
cob=(9)
cfi=(15)
cfn=(784)
calls=1 265 
0 916
0 1
0 3
cob=(9)
cfi=(15)
cfn=(784)
calls=1 265 
0 831
0 1
0 3
cob=(9)
cfi=(15)
cfn=(784)
calls=1 265 
0 706
0 1
0 5

fn=(974) __my_little_xoshiro256starstar__rotl
0 240
cob=(3)
cfi=(3)
cfn=(512)
calls=60 0 
0 2708
0 540

fn=(952) __my_little_xoshiro256starstar__next
0 90
cob=(3)
cfi=(3)
cfn=(512)
calls=30 0 
0 1354
0 92
cfn=(954) __my_little_xoshiro256starstar_unseeded_init
calls=1 0 
0 1792
0 2
cfn=(972) __my_little_xoshiro256starstar__next__unsafe
calls=1 0 
0 219
0 29
cfn=(972)
calls=29 0 
0 6003
0 60

fn=(300) __gmon_start__
0 28
cob=(3)
cfi=(3)
cfn=(304)
calls=1 0 
0 160645
0 1
0 3
cfn=(356) atexit
calls=1 0 
0 76

fn=(910) mzd_row
0 5136
cob=(3)
cfi=(3)
cfn=(512)
calls=1284 0 
0 70602
0 48792

fn=(918) get_xcr0
0 4
cob=(3)
cfi=(3)
cfn=(512)
calls=1 0 
0 49
0 11
cob=(3)
cfi=(3)
cfn=(512)
calls=1 0 
0 49
0 7

fn=(1006) mxor
0 7924720
cob=(3)
cfi=(3)
cfn=(512)
calls=1981180 0 
0 89153120
0 420010160

fn=(1110)
0 4
cob=(3)
cfi=(3)
cfn=(512)
calls=1 0 
0 49
0 4
cob=(3)
cfi=(3)
cfn=(1010)
calls=1 0 
0 255
0 1
0 6402
cfn=(908) mzd_read_bit
calls=1280 0 
0 99844
0 7160
cob=(3)
cfi=(3)
cfn=(1010)
calls=1020 0 
0 245019
0 1020
0 780
cob=(3)
cfi=(3)
cfn=(1010)
calls=260 0 
0 62400
0 260
0 6406
cob=(3)
cfi=(3)
cfn=(1114)
calls=1 0 
0 218
0 1
0 3

fn=(912)
0 5136
cob=(3)
cfi=(3)
cfn=(512)
calls=1284 0 
0 70626
0 15410
cfn=(914) get_cpuid
calls=1 0 
0 343
0 28252
cfn=(920) popcnt64_unrolled
calls=1284 0 
0 936060
0 29536
cob=(3)
cfi=(3)
cfn=(512)
calls=1 0 
0 49
0 14
cfn=(914)
calls=1 0 
0 343
0 26
cfn=(920)
calls=1 0 
0 1402
0 23

fn=(950) xoshiro256starstar_random
0 90
cob=(3)
cfi=(3)
cfn=(512)
calls=30 0 
0 1362
0 30
cfn=(952)
calls=30 0 
0 9641
0 60

fn=(490)
0 14
cob=(2)
cfi=(2)
cfn=(492) 0x0000000000109000
calls=1 0 
0 11
0 8
cfn=(498) 0x00000000000013a0
calls=1 0 
0 11
0 11

fn=(498)
0 11

fn=(602) mzd_write_bit
0 1640960
cob=(3)
cfi=(3)
cfn=(512)
calls=410240 0 
0 18460808
0 23383808
cob=(3)
cfi=(3)
cfn=(512)
calls=32 0 
0 1456
0 1824

fn=(906) left_is_identity
0 10
cob=(3)
cfi=(3)
cfn=(512)
calls=2 0 
0 94
0 3858
cfn=(908)
calls=641 0 
0 50002
0 8333
cfn=(910)
calls=641 0 
0 62171
0 1923
cfn=(912)
calls=641 0 
0 542020
0 3859

fn=(914)
0 4
cob=(3)
cfi=(3)
cfn=(512)
calls=1 0 
0 49
0 9
cfn=(916) run_cpuid
calls=1 0 
0 91
0 14
cfn=(918)
calls=1 0 
0 60
0 10
cfn=(916)
calls=1 0 
0 91
0 19
cob=(3)
cfi=(3)
cfn=(512)
calls=1 0 
0 49
0 9
cfn=(916)
calls=1 0 
0 91
0 14
cfn=(918)
calls=1 0 
0 60
0 10
cfn=(916)
calls=1 0 
0 91
0 15

fn=(916)
0 10
cob=(3)
cfi=(3)
cfn=(512)
calls=2 0 
0 98
0 84
cob=(3)
cfi=(3)
cfn=(512)
calls=2 0 
0 98
0 74

fn=(920)
0 5136
cob=(3)
cfi=(3)
cfn=(512)
calls=1284 0 
0 57784
0 28248
cfn=(922) popcnt64
calls=2568 0 
0 143812
0 23112
cfn=(922)
calls=2568 0 
0 143812
0 23112
cfn=(922)
calls=2568 0 
0 143812
0 23112
cfn=(922)
calls=2568 0 
0 143812
0 35952
cfn=(922)
calls=2568 0 
0 143812
0 20548
cob=(3)
cfi=(3)
cfn=(512)
calls=1 0 
0 49
0 43
cfn=(922)
calls=5 0 
0 284
0 45
cfn=(922)
calls=5 0 
0 284
0 45
cfn=(922)
calls=5 0 
0 284
0 45
cfn=(922)
calls=5 0 
0 284
0 1584979
cob=(3)
cfi=(3)
cfn=(512)
calls=396236 0 
0 17830624
0 8717192
cfn=(922)
calls=792472 0 
0 44378436
0 7132248
cfn=(922)
calls=792472 0 
0 44378436
0 7132248
cfn=(922)
calls=792472 0 
0 44378436
0 7132248
cfn=(922)
calls=792472 0 
0 44378436
0 11094608
cfn=(922)
calls=792472 0 
0 44378436
0 6339776

fn=(970) __my_little_xoshiro256starstar_initialization
0 4
cob=(3)
cfi=(3)
cfn=(512)
calls=1 0 
0 49
0 16

fn=(1000)
0 62888360
cob=(3)
cfi=(3)
cfn=(512)
calls=15722090 0 
0 455940610
0 172942990

fn=(486)
0 11
cob=(3)
cfi=(3)
cfn=(488)
calls=1 0 
0 2577658182

fn=(954)
0 4
cob=(3)
cfi=(3)
cfn=(512)
calls=1 0 
0 49
0 6
cob=(3)
cfi=(3)
cfn=(538)
calls=1 0 
0 439
0 1
0 14
cob=(3)
cfi=(3)
cfn=(958)
calls=1 0 
0 669
0 1
0 5
cob=(3)
cfi=(3)
cfn=(872)
calls=1 0 
0 525
0 1
0 3
cfn=(970)
calls=1 0 
0 69
0 6

fn=(1154) 0x00000000000012f0
0 5

fn=(534)
0 6
cob=(3)
cfi=(3)
cfn=(512)
calls=1 0 
0 49
0 71
cob=(3)
cfi=(3)
cfn=(538)
calls=1 0 
0 580
0 1
0 30
cob=(3)
cfi=(3)
cfn=(566)
calls=5 0 
0 1571
0 5
0 32
cob=(9)
cfi=(15)
cfn=(518)
calls=1 142 
0 68294
0 1
0 6
cob=(9)
cfi=(15)
cfn=(518)
calls=1 142 
0 68512
0 1
0 4483
cob=(3)
cfi=(3)
cfn=(566)
calls=640 0 
0 239922
0 640
0 1235200
cfn=(602)
calls=640 0 
0 67844
0 4915200
cfn=(602)
calls=409600 0 
0 43417604
0 1642889
cob=(9)
cfi=(15)
cfn=(606)
calls=1 1596 
0 13160368
0 1
0 4
cob=(9)
cfi=(20)
cfn=(612)
calls=1 31 
0 10557138
0 1
0 4
cob=(9)
cfi=(15)
cfn=(860)
calls=1 1327 
0 354908
0 1
0 7
cob=(9)
cfi=(15)
cfn=(606)
calls=1 1596 
0 13160368
0 1
0 3
cob=(9)
cfi=(15)
cfn=(784)
calls=1 265 
0 399
0 1
0 3
cob=(9)
cfi=(15)
cfn=(784)
calls=1 265 
0 891
0 1
0 3
cob=(9)
cfi=(15)
cfn=(784)
calls=1 265 
0 929
0 1
0 3
cob=(3)
cfi=(3)
cfn=(872)
calls=1 0 
0 525
0 1
0 10

fn=(922)
0 51360
cob=(3)
cfi=(3)
cfn=(512)
calls=12840 0 
0 577820
0 89960
cob=(3)
cfi=(3)
cfn=(512)
calls=20 0 
0 916
0 15849580
cob=(3)
cfi=(3)
cfn=(512)
calls=3962360 0 
0 178306220
0 27736520

fn=(1124)
0 8
cob=(2)
cfi=(2)
cfn=(1130) 0x0000000000109260
calls=1 0 
0 25661
0 1
cfn=(1154)
calls=1 0 
0 5
0 3

fn=(356)
0 3
cob=(3)
cfi=(3)
cfn=(360)
calls=1 0 
0 72
0 1

fn=(898)
0 5
cob=(3)
cfi=(3)
cfn=(512)
calls=1 0 
0 49
0 7
cob=(3)
cfi=(3)
cfn=(894)
calls=1 0 
0 43
0 1
0 20
cob=(3)
cfi=(3)
cfn=(324)
calls=1 0 
0 41
0 1
0 3
cob=(3)
cfi=(3)
cfn=(324)
calls=1 0 
0 41
0 1
0 6
cob=(3)
cfi=(3)
cfn=(324)
calls=1 0 
0 1217
0 1
0 6
cob=(3)
cfi=(3)
cfn=(324)
calls=1 0 
0 401
0 1
0 14098
cob=(9)
cfi=(15)
cfn=(676)
calls=1 1573 
0 202251
0 1
0 6
cfn=(904) rref_to_systematic
calls=1 0 
0 5100085
0 21
cob=(9)
cfi=(15)
cfn=(726)
calls=1 1773 
0 87640
0 1
0 19
cob=(3)
cfi=(3)
cfn=(324)
calls=1 0 
0 1793
0 1
0 8
cob=(3)
cfi=(3)
cfn=(324)
calls=1 0 
0 267
0 1
0 13
cfn=(950)
calls=10 0 
0 4935
0 130
cfn=(950)
calls=10 0 
0 3124
0 330
cfn=(950)
calls=10 0 
0 3124
0 770
cfn=(602)
calls=10 0 
0 1064
0 108760
cfn=(908)
calls=6390 0 
0 498424
0 31938
cob=(9)
cfi=(19)
cfn=(978)
calls=3193 664 
0 255440
0 3193
0 51330
cfn=(602)
calls=10 0 
0 1064
0 70550570
cob=(3)
cfi=(3)
cfn=(984)
calls=10 0 
0 1448888645
0 10
0 105238632
cfn=(1006)
calls=396236 0 
0 103417600
0 4754832
cfn=(1006)
calls=396236 0 
0 103417600
0 4754832
cfn=(1006)
calls=396236 0 
0 103417600
0 4754832
cfn=(1006)
calls=396236 0 
0 103417600
0 4754832
cfn=(1006)
calls=396236 0 
0 103417600
0 2377416
cfn=(920)
calls=396236 0 
0 288856068
0 1981188
cob=(3)
cfi=(3)
cfn=(894)
calls=8 0 
0 344
0 8
0 120
cob=(3)
cfi=(3)
cfn=(1010)
calls=8 0 
0 22541
0 8
0 72
cob=(3)
cfi=(3)
cfn=(600)
calls=8 0 
0 96
0 8
0 80
cob=(3)
cfi=(3)
cfn=(600)
calls=8 0 
0 96
0 8
0 48
cob=(3)
cfi=(3)
cfn=(600)
calls=8 0 
0 168
0 8
0 64
cob=(3)
cfi=(3)
cfn=(600)
calls=8 0 
0 41104
0 8
0 26912327
cob=(9)
cfi=(15)
cfn=(518)
calls=1 142 
0 1788
0 1
0 35
cfn=(602)
calls=4 0 
0 428
0 42
cob=(9)
cfi=(15)
cfn=(518)
calls=1 142 
0 1760
0 1
0 4
cfn=(1064)
calls=1 0 
0 75
0 6
cob=(3)
cfi=(3)
cfn=(600)
calls=1 0 
0 21
0 1
0 5
cob=(9)
cfi=(15)
cfn=(606)
calls=1 1596 
0 22668
0 1
0 5
cob=(9)
cfi=(15)
cfn=(676)
calls=1 1573 
0 2338
0 1
0 10283
cfn=(908)
calls=8 0 
0 628
0 88
cfn=(602)
calls=8 0 
0 852
0 5137
cob=(3)
cfi=(3)
cfn=(1010)
calls=1 0 
0 3670
0 1
0 3
cob=(9)
cfi=(15)
cfn=(784)
calls=1 265 
0 203
0 1
0 3
cob=(9)
cfi=(15)
cfn=(784)
calls=1 265 
0 502
0 1
0 3
cob=(9)
cfi=(15)
cfn=(784)
calls=1 265 
0 826
0 1
0 3
cob=(9)
cfi=(15)
cfn=(784)
calls=1 265 
0 815
0 1
0 3
cob=(9)
cfi=(15)
cfn=(784)
calls=1 265 
0 1754
0 1
0 3
cob=(3)
cfi=(3)
cfn=(780)
calls=1 0 
0 81
0 1
0 3
cob=(3)
cfi=(3)
cfn=(780)
calls=1 0 
0 81
0 1
0 3
cob=(3)
cfi=(3)
cfn=(780)
calls=1 0 
0 159
0 1
0 3
cob=(3)
cfi=(3)
cfn=(780)
calls=1 0 
0 176
0 1
0 3
cob=(3)
cfi=(3)
cfn=(780)
calls=1 0 
0 57
0 1
0 3
cob=(3)
cfi=(3)
cfn=(780)
calls=1 0 
0 68
0 1
0 8

fn=(904)
0 5
cob=(3)
cfi=(3)
cfn=(512)
calls=1 0 
0 49
0 15
cob=(9)
cfi=(15)
cfn=(518)
calls=1 142 
0 134018
0 1
0 7
cob=(9)
cfi=(15)
cfn=(860)
calls=1 1327 
0 573345
0 1
0 66
cfn=(910)
calls=4 0 
0 382
0 12
cfn=(912)
calls=4 0 
0 3382
0 12150
cfn=(910)
calls=639 0 
0 61977
0 1917
cfn=(912)
calls=639 0 
0 539957
0 1284
cob=(9)
cfi=(15)
cfn=(926)
calls=1 1815 
0 8414
0 1
0 30
cob=(9)
cfi=(20)
cfn=(612)
calls=1 31 
0 3089980
0 1
0 6
cfn=(906)
calls=2 0 
0 672270
0 7
cob=(9)
cfi=(15)
cfn=(784)
calls=1 265 
0 802
0 1
0 5

fn=(908)
0 7684
cob=(3)
cfi=(3)
cfn=(512)
calls=1921 0 
0 86453
0 81301
cob=(3)
cfi=(3)
cfn=(512)
calls=6398 0 
0 287918
0 185542

fn=(972)
0 120
cob=(3)
cfi=(3)
cfn=(512)
calls=30 0 
0 1354
0 210
cfn=(974)
calls=30 0 
0 1744
0 930
cfn=(974)
calls=30 0 
0 1744
0 120

fn=(1064)
0 4
cob=(3)
cfi=(3)
cfn=(512)
calls=1 0 
0 49
0 26
cob=(3)
cfi=(3)
cfn=(512)
calls=1 0 
0 49
0 22

ob=(7)
fl=(7)
fn=(1230)
0 8
cob=(2)
cfi=(2)
cfn=(1236) 0x0000000004a7b300
calls=1 0 
0 81
0 1
cfn=(1240) 0x0000000000003310
calls=1 0 
0 5
0 3

fn=(410)
0 11

fn=(1240)
0 5

ob=(2)
fl=(2)
fn=(428)
0 5
cob=(5)
cfi=(5)
cfn=(300)
calls=1 0 
0 4
0 2

fn=(1254)
0 1
cob=(3)
cfi=(3)
cfn=(1132)
calls=1 0 
0 80

fn=(392)
0 5
cob=(5)
cfi=(5)
cfn=(300)
calls=1 0 
0 4
0 2

fn=(542)
0 15
cob=(3)
cfi=(3)
cfn=(324)
calls=15 0 
0 3081

fn=(886)
0 15
cob=(3)
cfi=(3)
cfn=(780)
calls=15 0 
0 2136

fn=(1210)
0 3

fn=(416)
0 5
cob=(5)
cfi=(5)
cfn=(300)
calls=1 0 
0 4
0 2

fn=(492)
0 5
cob=(5)
cfi=(5)
cfn=(300)
calls=1 0 
0 4
0 2

fn=(1246)
0 3

fn=(296)
0 5
cob=(5)
cfi=(5)
cfn=(300)
calls=1 0 
0 160733
0 2

fn=(1160)
0 3

fn=(1200)
0 1
cob=(3)
cfi=(3)
cfn=(1132)
calls=1 0 
0 80

fn=(404)
0 5
cob=(5)
cfi=(5)
cfn=(300)
calls=1 0 
0 4
0 2

fn=(1130)
0 1
cob=(3)
cfi=(3)
cfn=(1132)
calls=1 0 
0 25660

fn=(1178)
0 3

fn=(1236)
0 1
cob=(3)
cfi=(3)
cfn=(1132)
calls=1 0 
0 80

fn=(1228)
0 3

fn=(68)
0 8
cob=(1)
cfi=(1)
cfn=(70)
calls=8 0 
0 32

fn=(1168)
0 1
cob=(3)
cfi=(3)
cfn=(1132)
calls=1 0 
0 80

fn=(1264)
0 3

fn=(1218) 0x0000000004a45948
0 1
cob=(3)
cfi=(3)
cfn=(1132)
calls=1 0 
0 80

ob=(8)
fl=(8)
fn=(422)
0 11

fn=(1222) 0x0000000000006960
0 5

fn=(1212)
0 8
cob=(2)
cfi=(2)
cfn=(1218)
calls=1 0 
0 81
0 1
cfn=(1222)
calls=1 0 
0 5
0 3

totals: 2602998782
