# n
100
# seed
0
# H^transpose (each line corresponds to column of H, the identity part is omitted)
11011111100100101001101110111000101101000001001101
10101101101000011000000110011111010110001001011000
00000001010000001000101000111001001011100000110100
11111100101010011110111000100011101100101011001111
01000011100000000110011001101010010000111011110011
00011110100100111010100100111110011110101101100100
00001001111010101010100010011100000011100101111110
00111001011100000001011001110001011110000111011111
10000110011010011011100100001010110011010110001110
11000110000110011001001001110111010010110001000000
01100001011100011111100010100010001110001000111011
10011011011101110001001101100110110101011001010110
10110010011110111000011100001110001111110000111011
11011110110100011100010100011001001111011101010001
11111001001000010001011110111110110000101000101010
10011111000100100111111100100111011110000001010110
00100111101011111000001001010011010100011011100011
00100000100001101001111000111010101110001011011010
10010100000010011001101101110111001100000100000001
01001110010110101011111011101011011100101101110010
10010001111111100001010110011000001111101111101000
11101001001100010101010001011111110101010111101101
10110001100001010110110011000010010100010111110100
00100101010100100011111100100001001011001010111111
00110101000100101111001100011010010011000000101100
01100100111010001000010000001011100101001101101101
01101110101011000101110110011101011011001011101101
11010001001110010000000011110110110110111111100000
00101000011101111000000101110010101011010101111100
10101001110110010100000001101110000111001110011011
00101111001110111111101101010011001111011101001110
10010101000100001000001001000011101010101111001001
00010101001011011011101010111010110101110011110001
00010101101100101010101010011000000100111100111111
10000011010010011000111001001110000101101101110100
01101111001000010011101110010010110101010001001000
01011011001101001110001001011011001101011000101110
00101110111101100011000100010110011111100100001001
00010000010100101101100000001111111000000010101001
11110010111110111111110010100111111001100001000011
00001011110100001101010010100010001110010111111010
01111010000110111010000001110100100010010111010000
01111010000100001010100101111100111111000110000010
01111111100111000101100001010111110011001011100101
11101101110010110101001001100100101110111000001011
11110001011111100000100000101001100000011101000100
01101010000010010100111010011111011001000101100011
11011100011101010010100000011000010000011110110001
00000110111110011000100110100110100111100101001100
11000011001101001000011110000100000000010111100010
