# n
128
# seed
0
# H^transpose (each line corresponds to column of H, the identity part is omitted)
1101111110010010100110111011100010110100000100110110101101101000
0110000001100111110101100010010110000000000101000000100010100011
1001001011100000110100111111001010100111101110001000111011001010
1100111101000011100000000110011001101010010000111011110011000111
1010010011101010010011111001111010110110010000001001111010101010
1000100111000000111001011111100011100101110000000101100111000101
1110000111011111100001100110100110111001000010101100110101100011
1011000110000110011001001001110111010010110001000000011000010111
0001111110001010001000111000100011101110011011011101110001001101
1001101101010110010101101011001001111011100001110000111000111111
0000111011110111101101000111000101000110010011110111010100011111
1001001000010001011110111110110000101000101010100111110001001001
1111110010011101111000000101011000100111101011111000001001010011
0101000110111000110010000010000110100111100011101010111000101101
1010100101000000100110011011011101110011000001000000010100111001
0110101011111011101011011100101101110010100100011111111000010101
1001100000111110111110100011101001001100010101010001011111110101
0101111011011011000110000101011011001100001001010001011111010000
1001010101001000111111001000010010110010101111110011010100010010
1111001100011010010011000000101100011001001110100010000100000010
1110010100110110110101101110101011000101110110011101011011001011
1011011101000100111001000000001111011011011011111110000000101000
0111011110000001011100101010110101011111001010100111011001010000
0001101110000111001110011011001011110011101111111011010100110011
1101110100111010010101000100001000001001000011101010101111001001
0001010100101101101110101011101011010111001111000100010101101100
1010101010100110000001001111001111111000001101001001100011100100
1110000101101101110100011011110010000100111011100100101101010100
0100100001011011001101001110001001011011001101011000101110001011
1011110110001100010001011001111110010000100100010000010100101101
1000000011111110000000101010011111001011111011111111001010011111
1001100001000011000010111101000011010100101000100011100101111110
1001111010000110111010000001110100100010010111010000011110100001
0000101010010111110011111100011000001001111111100111000101100001
0101111100110010111001011110110111001011010100100110010010111011
1000001011111100010111111000001000001010011000000111010001000110
1010000010010100111010011111011001000101100011110111000111010100
1010000001100001000001111011000100000110111110011000100110100110
1001111001010011001100001100110100100001111000010000000001011110
0010111110100000011011011010110110101011011100010110111101100011
0011101100011101111100100011010101011010000111001110110000101010
0100001001101010001010110110101011111111000110111000100110011111
0000100110010110011110001111011101110111111110101111001010100100
0000011011110010001111101110010110101000101100000010000000000110
0110001100000111110001111100001000011011000110010110001101110101
0110101011010011001001101000101000011111001101010011100111010001
0001011111110111111010111001010011111100101100001011101111001110
1000010001100010101101101000111001110011111101010100111111001010
1001100101100111110010001001001011100000010100011011101100001101
1110010100001101001000111111001001100011111011001000000011000001
1110100010100001111111111111111001111001000010010101000000000110
0110100110010000111011001000110110101110101100110001101111010100
1110110101010001101101000000100111111011101011011001001101101000
1100000110000110010000010100101101011011101010010101110010000011
0000011101011010011001100000011110011010101011011000110000010100
0110100011100101011110101101000010101100101010011000110110001011
1100110011111101010100010101100111000000111010010010010001111000
1110110100011111011011110011100101000010100011100111001000000100
0111111000000000011110100111010111011111011011001000001100101110
1111101010011111001111000011110110110111101010111101001000111010
0110010101000011101111100010110000010011101100111101000010000000
0011011100011101101011000001001111101110101011011110100011001001
1001101001111110100101010010111101010101011000101001111001111011
1101001101011011000100100000111001101111000111100110110000110111
